664
498
502
502
503
503
518
500
885
508
503
500
500
501
503
502
497
499
507
504
506
506
501
504
506
504
496
501
504
501
501
501
500
502
498
500
497
498
521
511
505
500
509
515
499
498
498
519
505
500
499
498
494
496
532
497
496
503
501
495
499
500
499
499
501
641
543
504
762
536
507
506
513
524
502
501
502
497
498
498
501
499
501
500
501
577
830
635
638
641
671
631
567
545
532
500
494
495
494
494
499
498
495
494
498
501
564
495
496
499
499
495
496
507
500
500
495
502
494
501
499
495
500
505
500
500
496
499
564
497
499
503
501
504
503
502
509
505
512
515
514
508
516
512
507
578
507
513
508
508
515
521
587
515
508
506
587
513
506
509
582
515
501
511
512
511
505
510
586
508
509
512
579
519
511
511
520
510
510
581
509
581
506
500
507
582
501
503
499
586
526
504
599
502
512
580
508
509
501
572
497
499
503
499
496
500
567
499
504
500
501
569
497
500
496
500
501
562
500
500
500
499
517
499
499
499
562
496
506
499
574
499
498
496
498
495
502
503
498
498
563
502
499
499
499
563
496
506
500
497
497
500
501
497
496
497
500
505
495
494
567
498
498
498
500
557
495
498
495
494
517
494
495
501
496
500
497
501
497
502
500
503
501
500
501
495
515
498
562
499
499
496
504
495
499
498
570
496
499
495
500
499
562
499
495
496
502
495
562
501
499
495
499
500
561
525
525
525
534
522
515
520
519
518
528
524
548
520
510
538
632
636
639
636
643
731
641
633
621
637
633
640
635
647
626
647
629
632
773
632
619
640
623
632
635
632
621
643
634
645
630
628
643
633
651
628
631
633
621
617
622
625
649
633
631
620
624
629
639
631
631
622
628
629
637
631
629
632
652
635
639
628
642
633
631
632
634
568
565
565
565
565
566
640
606
620
626
621
638
630
625
625
614
639
644
547
646
636
651
639
642
652
664
642
652
648
647
628
664
656
659
658
657
658
657
628
549
664
633
671
655
650
660
660
661
658
658
658
659
657
665
638
544
669
628
544
663
561
661
655
650
654
651
657
656
678
636
543
661
626
544
642
625
671
655
657
659
654
655
656
655
656
640
577
659
649
636
646
674
658
654
653
653
650
651
654
658
629
544
544
666
650
646
684
696
565
658
659
660
649
658
648
626
544
665
629
656
629
663
659
629
644
572
640
572
637
556
661
658
656
650
657
657
654
638
627
544
635
662
633
577
555
634
560
641
640
543
542
652
649
659
653
654
663
656
654
657
665
652
651
655
655
655
657
655
638
569
636
637
635
578
646
573
658
650
656
659
656
660
660
666
656
660
664
654
655
657
668
654
656
655
661
658
658
654
670
657
656
653
654
655
656
601
502
498
497
497
503
504
504
506
505
501
505
504
505
504
504
500
503
504
497
498
502
497
501
495
499
498
495
497
502
506
497
499
501
503
502
509
498
502
495
505
498
493
496
503
500
505
501
497
504
494
498
502
502
504
505
506
504
497
508
502
498
499
497
504
501
504
500
507
505
505
500
507
505
505
501
505
505
496
511
502
502
507
506
504
501
495
502
514
503
501
497
502
504
501
504
501
497
507
501
501
505
497
504
501
501
500
500
505
504
500
498
505
505
497
496
494
504
508
499
501
497
497
505
498
505
501
503
506
502
501
501
497
501
496
500
499
509
503
503
501
504
500
503
502
497
505
508
575
498
522
502
499
503
500
499
495
509
513
495
501
506
496
502
500
498
497
506
503
498
497
498
502
495
499
503
499
504
497
505
508
498
492
496
497
503
502
501
504
502
506
505
507
498
500
502
498
503
496
502
502
498
499
497
497
501
496
500
499
502
505
506
502
509
503
503
499
500
498
493
500
498
503
496
500
507
498
494
494
502
504
500
498
498
498
503
494
500
498
500
502
496
513
520
506
502
576
500
504
493
493
496
519
505
500
503
505
500
497
499
504
495
502
499
499
502
499
507
499
502
500
493
531
502
494
500
500
498
499
493
499
498
498
498
496
501
502
501
498
498
499
498
511
498
503
511
499
498
500
495
495
499
501
496
495
501
500
493
503
504
504
501
506
497
502
499
500
506
492
493
499
504
508
504
504
505
504
503
505
505
506
503
501
495
500
494
503
504
506
506
502
508
504
504
500
506
498
498
503
497
503
515
504
505
502
498
503
503
503
502
583
501
499
500
496
501
497
497
499
495
495
499
498
499
736
510
500
499
715
644
501
665
703
782
634
644
598
567
538
510
497
501
506
501
507
506
503
516
507
501
498
501
495
502
506
501
507
506
508
506
507
502
500
502
497
501
495
502
505
509
500
499
505
503
500
499
497
496
508
502
504
501
504
504
501
505
505
504
504
497
500
494
499
502
506
503
503
510
502
500
501
495
498
499
497
501
501
508
508
505
500
499
496
499
502
506
497
510
502
503
501
501
495
494
500
507
507
510
503
503
503
507
505
507
497
497
502
501
497
502
504
504
503
504
500
508
500
501
500
578
503
500
502
505
499
502
500
498
494
506
503
499
505
501
502
506
500
497
503
506
505
502
502
498
501
503
497
503
501
511
505
499
501
505
497
506
505
499
504
501
497
506
508
500
500
496
502
495
509
506
504
505
500
511
505
495
507
543
504
507
505
498
507
506
500
498
495
498
507
497
501
505
581
501
498
501
499
502
499
497
506
502
499
502
497
497
499
505
496
495
504
500
500
499
600
506
495
495
499
496
506
503
498
499
500
502
495
494
499
504
515
506
506
505
497
540
505
505
507
501
505
500
502
504
506
498
494
501
496
510
510
510
510
505
653
498
503
608
500
498
499
494
566
501
497
499
496
501
497
500
496
499
499
504
499
29225
615
635
639
599
572
502
510
503
500
555
643
502
496
499
500
575
500
495
495
495
496
605
496
499
537
508
496
501
496
27811
568
602
598
600
599
597
596
597
636
603
597
497
500
496
532
570
496
500
496
496
503
521
501
497
501
501
495
500
561
532
496
496
650
604
599
599
500
500
499
500
496
500
495
498
558
499
513
504
499
518
495
497
673
526
500
499
567
531
500
495
27773
621
603
639
597
600
583
501
499
505
603
524
499
496
500
497
496
503
498
494
496
494
499
494
495
503
504
500
495
505
500
578
26965
627
601
595
581
602
562
783
588
590
559
687
617
685
599
755
534
646
550
777
547
546
549
543
583
563
640
507
632
597
604
624
621
613
670
670
665
667
510
505
1379
656
630
597
693
678
741
752
757
673
669
687
629
639
635
636
641
591
580
635
665
642
643
630
635
646
631
650
650
648
637
648
640
652
633
644
647
637
638
630
631
685
638
630
650
645
647
658
655
513
619
649
624
633
629
628
625
615
637
630
647
657
636
652
622
633
639
623
625
657
673
652
653
641
656
662
666
627
633
632
659
644
632
646
626
624
622
620
642
621
621
618
625
635
625
634
632
624
631
622
622
623
625
623
619
637
633
638
631
621
639
641
638
621
642
631
641
623
637
622
629
643
638
630
641
626
648
630
627
626
642
642
630
624
620
621
641
621
573
562
561
626
561
562
633
626
633
628
628
626
630
627
628
630
633
633
627
620
561
625
629
634
624
618
622
622
619
620
631
631
632
635
635
621
621
508
502
497
498
496
500
499
502
497
499
500
500
498
497
503
499
493
493
509
498
499
500
496
502
501
501
499
492
499
501
497
508
498
498
492
499
498
500
494
497
499
503
499
496
496
503
494
494
500
497
506
498
502
499
500
499
498
500
498
498
27654
508
480
500
495
496
495
496
505
496
494
494
495
500
495
494
495
500
496
494
496
495
497
499
496
514
495
496
529
524
494
559
502
496
499
558
496
559
496
496
494
496
501
495
495
494
554
495
559
494
559
497
566
498
496
531
519
561
496
497
530
568
495
558
495
558
495
558
495
557
496
566
498
496
496
495
497
497
497
519
498
501
495
527
495
561
495
494
494
495
501
561
499
561
497
560
507
498
499
536
568
498
497
529
561
496
495
497
495
498
503
573
497
499
571
498
30425
576
615
503
496
497
496
522
495
573
495
517
519
516
494
500
528
558
496
499
494
494
500
494
495
494
495
499
496
495
494
754
498
496
495
494
560
495
517
495
527
570
495
497
509
619
700
496
495
494
676
500
518
496
498
524
546
496
547
495
501
494
495
495
559
495
518
495
529
496
501
558
497
510
495
497
558
495
527
498
495
499
510
557
495
495
494
494
495
499
496
498
527
496
498
495
565
495
500
561
495
509
497
498
569
494
514
496
501
570
495
495
494
496
494
495
495
495
497
495
496
569
495
496
495
495
496
499
503
498
561
498
499
498
497
496
498
572
496
559
495
498
559
497
495
495
496
501
497
567
497
532
29369
576
598
534
496
502
495
495
567
500
566
497
519
498
579
503
496
496
495
496
494
651
502
530
494
508
510
495
494
503
650
501
499
495
496
500
518
495
494
29661
579
496
495
496
495
495
500
494
29755
558
498
495
525
557
497
823
500
494
493
496
494
494
495
493
495
499
499
495
498
496
559
496
557
495
496
500
495
494
498
29462
577
498
495
529
497
527
498
496
512
496
496
494
494
558
507
507
515
495
495
565
493
494
494
495
494
501
32324
580
500
496
494
495
494
497
494
495
494
494
496
494
495
494
495
498
497
557
495
494
515
495
494
495
501
494
494
495
494
496
494
559
495
494
499
495
497
494
494
529
558
494
494
599
500
495
496
496
495
497
495
511
496
498
558
495
561
494
526
495
497
496
493
499
495
494
493
494
496
494
494
495
496
500
495
560
495
494
509
496
495
509
495
500
510
496
496
509
495
496
494
498
499
569
495
495
570
495
495
569
496
495
499
494
559
495
494
499
495
493
567
494
499
495
568
495
495
568
496
495
493
504
497
525
496
559
496
558
496
496
518
501
497
498
496
498
497
499
496
560
497
564
496
519
496
560
496
561
497
563
500
497
499
497
499
502
588
4268
1821
531
543
2152
518
1175
500
497
494
495
496
495
494
572
501
496
518
496
557
494
495
516
496
564
496
494
558
494
560
495
495
496
513
561
496
557
494
495
559
495
496
498
497
562
496
497
496
495
495
494
496
558
500
494
495
495
496
558
495
496
566
495
525
496
558
495
558
496
495
557
494
497
499
498
495
498
495
558
495
496
494
527
499
496
516
495
495
497
495
496
557
503
496
499
497
496
500
499
560
498
497
565
497
497
559
496
497
560
496
497
567
501
495
497
578
497
496
495
494
518
501
496
561
497
497
495
500
498
559
497
499
563
494
557
495
496
523
495
515
496
562
496
494
498
495
557
496
494
497
501
559
499
496
559
497
496
520
497
561
500
495
528
495
558
495
494
498
496
540
500
497
498
520
497
560
497
560
497
504
496
496
496
495
495
510
495
497
467
499
504
520
512
726
574
496
495
562
502
496
560
495
558
494
516
496
566
509
521
496
523
496
498
496
497
496
497
497
501
495
565
495
558
495
495
497
495
525
495
515
495
497
498
497
495
498
559
500
495
498
495
498
495
559
495
517
501
497
496
500
497
497
573
498
496
496
499
497
494
509
495
496
495
509
495
497
499
572
495
496
495
509
496
496
494
511
501
498
496
573
498
498
498
496
496
517
496
496
495
510
495
495
568
495
494
501
497
497
510
497
497
497
497
495
496
499
494
495
496
495
495
494
496
496
509
499
495
497
494
497
495
497
570
495
504
497
497
497
497
563
497
498
495
511
500
495
494
558
495
493
509
495
495
461
498
495
494
495
496
495
495
496
496
501
500
500
497
497
511
499
497
562
497
498
498
510
496
495
494
498
495
495
508
503
496
497
495
500
497
497
511
497
499
498
508
495
494
509
569
509
495
495
499
495
494
498
496
508
495
495
569
496
500
494
497
495
493
494
495
495
495
495
499
495
496
498
496
498
497
499
496
498
501
558
496
558
496
512
559
495
559
502
498
571
496
495
495
509
496
496
474
498
496
495
495
494
497
558
496
495
498
499
498
496
498
495
558
494
494
497
502
568
495
495
494
497
495
495
497
497
498
510
495
494
496
510
496
495
495
511
501
498
497
497
496
570
497
496
498
497
500
494
568
494
495
496
509
495
494
499
494
556
497
493
560
495
494
494
497
503
496
562
497
497
496
495
572
496
497
499
495
493
494
570
495
495
495
572
496
499
497
495
510
495
495
493
497
497
500
496
496
496
496
496
498
495
497
497
499
494
495
495
494
496
510
495
496
496
516
499
498
497
498
497
571
498
498
497
501
512
497
498
497
496
496
496
495
500
499
505
496
496
504
586
498
495
562
504
494
494
518
496
521
496
558
496
526
563
495
495
520
494
517
495
517
496
559
499
496
521
495
560
495
494
499
495
503
497
558
496
495
497
496
522
496
29007
510
500
495
494
497
496
495
496
495
496
495
567
497
494
499
495
558
495
496
519
495
500
559
496
496
515
495
557
494
497
564
496
569
495
496
494
509
495
495
495
570
495
498
495
578
495
494
495
495
562
499
495
496
493
571
495
495
495
495
560
499
496
559
495
496
557
495
494
495
502
495
495
496
494
494
510
495
494
496
499
558
496
494
556
496
495
494
498
495
499
494
554
495
560
495
495
497
494
774
564
495
495
494
497
495
558
494
494
562
496
495
494
559
495
497
558
496
496
500
494
510
495
496
568
497
496
497
496
499
498
497
517
495
495
498
497
562
570
498
498
561
545
547
541
539
601
581
501
498
498
498
529
498
498
498
499
502
497
500
498
498
499
498
495
496
500
497
498
497
500
496
495
496
497
500
501
498
498
498
497
498
499
499
499
503
498
498
499
499
498
497
497
498
533
497
531
499
498
497
528
497
529
499
499
560
496
497
496
498
494
501
556
533
498
496
496
501
499
498
501
27684
512
566
564
650
564
564
564
563
625
564
640
570
565
502
495
496
494
496
497
494
498
503
499
497
522
561
497
498
498
501
503
500
494
499
495
495
494
495
495
496
501
494
562
559
556
559
558
558
561
497
502
498
499
494
495
496
573
562
497
504
496
573
559
560
560
496
497
501
576
502
645
606
596
565
632
593
629
614
564
571
629
563
595
563
564
500
501
496
501
592
497
495
496
561
497
516
512
561
507
496
497
496
496
495
498
497
496
498
500
495
498
561
495
497
496
558
496
500
495
493
500
496
500
496
497
573
496
502
496
496
517
496
570
497
496
497
511
500
496
498
528
496
497
497
498
497
496
564
497
496
496
509
496
497
494
493
503
496
500
496
497
496
561
498
496
593
502
501
496
561
497
568
497
496
499
498
502
560
497
518
27282
582
573
597
669
595
605
644
634
564
673
595
551
528
597
609
596
627
565
565
594
502
494
495
498
500
501
500
497
495
500
497
517
498
503
495
500
494
515
497
496
495
497
523
498
495
495
494
492
500
496
496
500
502
501
495
497
496
498
496
499
495
500
498
496
526
498
498
497
497
498
561
502
496
501
496
497
495
499
495
557
496
523
496
562
496
497
557
497
495
500
495
565
496
499
495
500
495
517
563
496
566
497
495
565
496
496
498
497
498
593
499
495
517
566
497
492
493
497
501
518
523
514
511
519
513
500
520
605
496
513
514
520
511
525
513
520
519
519
498
508
511
520
520
528
579
496
512
518
502
527
520
517
518
515
497
496
594
501
513
517
518
512
519
517
512
515
518
516
513
520
499
595
497
509
498
578
517
523
514
497
498
496
519
506
519
519
525
513
497
513
519
518
581
509
498
614
500
513
519
519
518
497
496
495
493
507
503
495
496
514
517
514
520
509
517
522
517
519
519
517
517
518
496
497
520
513
495
499
518
498
578
496
519
518
579
512
497
519
523
520
516
517
515
496
523
518
505
510
516
519
512
517
519
527
513
516
519
519
518
514
517
515
498
512
518
517
522
497
533
518
501
519
503
498
498
517
517
515
518
500
499
501
519
512
519
499
497
520
513
516
519
603
496
494
510
518
540
512
513
518
501
512
513
519
518
519
496
521
501
517
522
515
514
580
507
513
518
519
520
548
517
512
518
519
499
512
519
497
597
512
507
508
520
497
499
500
514
515
519
516
512
519
518
513
575
496
507
579
506
518
514
497
610
511
517
497
513
497
502
519
514
517
500
496
519
499
516
583
497
527
508
519
518
497
518
499
517
509
512
510
519
517
497
516
577
511
526
536
520
499
514
516
578
521
516
520
524
497
497
516
518
516
517
520
518
521
512
519
517
496
522
517
518
516
498
517
519
498
519
512
512
515
516
515
537
513
518
516
518
503
515
519
512
575
501
495
512
517
517
518
519
541
512
545
515
507
495
516
518
519
498
499
555
509
497
520
519
496
520
520
498
520
521
512
522
514
518
519
515
580
498
719
498
494
493
497
497
512
518
519
517
541
509
497
498
511
517
519
521
496
631
500
506
543
518
513
518
516
505
519
579
516
521
519
517
515
516
518
517
508
511
577
513
499
580
508
514
512
517
540
518
496
506
518
517
515
524
528
496
524
581
508
518
578
511
518
499
539
502
519
518
525
578
501
517
512
518
497
525
518
518
499
520
582
511
513
498
522
517
519
575
519
516
518
516
502
579
504
499
520
518
540
518
517
518
519
522
518
518
497
576
508
501
498
520
499
521
517
498
517
510
511
577
496
515
521
520
499
594
500
518
516
520
498
601
515
497
499
499
517
519
520
580
500
517
515
520
519
497
514
518
519
537
497
528
577
513
503
544
512
518
496
591
500
515
503
518
519
577
509
518
519
531
516
518
518
501
601
511
512
500
512
516
517
518
520
513
496
498
541
497
520
513
519
514
502
518
518
542
514
519
510
497
517
498
529
518
527
518
496
780
513
519
597
519
508
514
512
497
520
523
516
512
518
498
499
496
518
510
543
517
518
521
579
502
512
542
497
575
499
517
574
500
496
520
498
579
519
524
540
517
498
519
518
498
497
518
520
522
575
503
516
573
507
529
578
506
523
508
519
500
497
592
518
518
496
504
600
496
520
523
513
539
519
518
497
500
497
520
517
541
518
497
518
516
496
524
516
496
518
520
510
498
578
514
514
496
498
497
498
595
517
579
515
519
521
519
515
511
517
517
502
518
515
524
512
581
512
513
517
515
518
516
525
512
517
513
538
519
518
497
511
495
522
519
511
518
517
518
510
519
518
498
501
586
495
498
519
496
519
504
496
501
518
510
511
515
522
518
518
518
496
516
517
520
580
508
512
496
519
498
523
518
589
496
597
496
578
507
519
542
592
499
518
520
519
580
495
508
687
501
498
501
500
512
518
518
507
600
507
518
497
518
496
499
518
518
499
600
515
497
497
497
520
519
517
497
507
504
503
517
511
506
515
519
499
539
520
524
517
519
498
497
497
537
527
516
509
519
509
497
499
500
578
506
597
515
512
498
520
525
580
511
496
518
498
512
517
519
518
517
518
518
576
517
518
507
522
541
512
580
516
517
516
513
516
518
496
499
540
513
533
515
519
514
521
500
516
498
495
498
515
498
587
501
516
497
595
497
516
515
512
513
517
505
512
520
519
517
498
498
518
497
585
500
516
517
509
519
496
596
497
520
507
594
505
520
517
518
514
581
497
500
520
520
512
519
512
519
512
496
498
504
499
580
496
520
516
519
579
508
522
520
574
520
516
512
517
510
520
500
581
506
498
519
540
498
519
516
512
525
512
498
522
516
501
497
498
520
589
496
518
520
497
519
497
513
512
578
501
518
504
497
519
516
498
496
518
552
519
515
496
577
505
517
512
502
584
500
501
511
516
508
516
509
518
517
562
507
498
554
511
518
516
528
578
513
516
523
515
524
518
517
580
510
518
502
496
564
572
495
512
520
513
536
497
516
517
498
510
512
518
494
518
499
510
512
517
513
517
494
496
520
518
496
510
516
518
518
516
516
498
569
498
508
515
511
518
521
579
513
518
518
518
506
524
497
512
518
517
498
498
518
501
497
495
496
511
502
519
504
517
497
518
516
517
518
498
518
516
505
517
510
502
519
514
515
507
509
517
511
515
525
518
506
513
515
579
511
508
517
578
501
517
517
512
517
517
496
519
517
502
518
518
498
520
516
531
511
510
496
515
511
517
519
498
519
511
516
498
523
516
518
599
501
579
496
513
508
579
505
517
518
497
519
518
526
519
530
539
515
517
517
510
512
498
498
497
519
499
516
517
517
517
511
519
519
518
521
529
498
525
516
497
601
506
516
581
516
522
520
508
512
512
501
550
513
523
519
519
520
506
526
529
519
509
513
501
496
514
506
538
517
511
511
509
543
497
498
519
520
518
510
511
517
580
500
518
498
499
538
537
501
579
497
502
524
502
518
518
512
518
512
502
522
518
519
517
518
501
496
520
512
517
503
518
496
517
518
519
517
517
518
519
516
517
503
518
495
499
496
496
515
502
501
497
510
497
517
500
518
512
542
512
506
546
513
518
525
519
522
527
505
516
506
519
517
579
496
513
514
522
584
494
519
515
499
511
517
528
514
519
521
598
496
512
520
512
516
580
495
499
512
518
519
539
519
513
519
519
542
508
508
516
514
519
517
551
520
517
503
512
514
512
517
508
498
517
520
499
504
519
520
513
509
502
508
512
509
522
509
497
518
497
527
547
503
519
517
506
514
499
581
517
496
582
512
519
506
497
515
581
495
517
516
515
496
578
497
528
513
579
493
513
519
516
516
517
496
518
525
513
577
503
579
496
512
516
522
519
526
505
504
516
517
512
521
515
517
519
508
513
516
507
498
577
504
518
506
511
509
520
518
517
499
504
496
516
517
517
519
511
506
517
517
523
497
518
503
518
517
518
512
512
520
512
503
511
516
517
512
516
504
520
500
518
518
512
517
511
518
513
513
497
522
520
510
497
517
499
602
517
518
502
516
526
518
518
497
597
509
522
519
519
516
519
515
500
517
519
535
513
524
520
512
519
518
518
496
519
518
497
522
498
520
520
508
516
497
498
516
545
511
519
518
508
518
520
518
497
497
514
496
579
509
520
517
516
575
517
576
497
496
497
529
517
519
518
498
498
521
579
493
516
496
499
578
515
517
518
600
499
498
517
511
573
496
518
495
516
516
518
516
577
496
495
500
517
517
504
518
575
496
503
516
577
511
584
504
493
496
521
578
496
510
518
517
523
518
512
511
496
526
513
578
498
517
508
498
499
519
520
517
518
517
514
521
520
506
498
498
512
511
517
498
508
518
513
577
500
497
519
518
511
573
514
504
496
500
497
494
501
496
498
495
504
494
495
499
496
577
513
499
501
499
640
498
497
568
494
500
568
566
500
495
496
496
493
500
496
500
499
502
496
500
497
500
496
569
583
571
569
574
500
499
497
498
497
497
568
564
502
501
27367
512
503
496
501
504
506
499
499
501
622
500
495
498
499
495
500
501
509
496
4574
599
566
503
501
480
815
598
502
500
496
497
497
497
499
501
494
495
501
500
530
558
499
529
497
518
513
511
496
497
497
493
514
564
531
571
570
511
572
496
495
497
497
594
520
512
526
512
587
535
657
619
645
622
627
639
643
638
640
639
628
620
642
631
659
650
653
641
635
650
651
640
643
647
626
640
687
651
654
656
656
656
655
654
663
655
655
653
656
654
550
671
652
651
652
652
655
653
654
650
658
606
650
656
652
552
670
653
658
654
647
651
649
651
656
565
657
651
652
660
651
655
660
550
653
657
552
659
653
661
654
663
657
659
658
598
662
563
564
601
651
560
563
560
570
732
641
645
646
554
648
598
710
643
559
799
563
696
636
610
604
800
558
542
554
652
652
579
567
653
569
600
720
559
573
569
557
656
649
568
653
601
804
569
653
564
566
651
565
509
571
624
557
577
801
544
600
802
558
600
777
557
599
796
579
556
558
561
560
560
561
558
576
557
600
651
561
556
596
701
572
597
799
714
556
744
648
557
700
501
666
660
655
661
689
649
648
653
538
655
541
634
658
656
655
657
659
655
653
672
542
662
655
551
648
637
651
656
646
662
654
653
653
651
642
659
653
654
662
650
655
649
534
504
502
498
499
498
501
501
497
498
505
500
497
495
495
497
494
495
567
500
503
495
499
507
495
498
496
567
499
496
507
570
503
505
568
502
500
501
568
503
1465
502
496
495
498
496
500
496
510
499
572
501
497
499
563
495
499
569
501
500
499
567
500
500
501
501
500
501
500
534
499
500
501
496
501
568
497
504
497
502
500
503
497
502
497
497
497
508
502
496
496
502
564
500
501
497
506
497
500
565
496
566
500
497
567
501
506
496
498
496
500
498
497
497
501
502
506
501
500
501
503
574
501
497
497
594
499
501
501
500
502
497
497
497
498
503
502
496
500
496
498
494
500
502
500
571
500
497
497
502
564
496
498
500
502
505
497
498
503
501
568
497
497
502
508
501
501
554
500
502
498
502
497
568
503
501
500
501
500
499
497
552
501
500
505
500
500
500
565
501
499
501
497
512
505
501
501
498
497
566
500
501
496
504
500
497
500
500
500
496
569
502
501
501
500
501
501
500
497
501
565
500
500
504
502
501
498
501
497
497
500
506
501
508
497
569
500
499
500
500
501
503
575
502
497
496
568
501
502
496
501
572
504
501
501
571
499
501
497
501
563
497
501
497
565
501
496
499
566
502
498
576
501
501
497
503
567
501
501
501
498
505
565
497
501
527
498
498
563
501
524
499
497
502
569
501
498
565
512
507
582
515
517
507
1512
667
648
550
628
642
649
528
507
508
632
630
536
501
498
503
503
503
507
504
499
583
502
504
503
503
502
510
1732
588
499
499
505
502
651
578
634
499
496
499
499
499
498
499
495
505
500
526
534
542
571
497
498
498
501
498
498
498
500
503
498
499
496
496
542
501
498
498
497
501
495
495
498
496
508
496
495
498
495
499
502
499
568
502
504
498
571
498
495
527
499
501
496
565
499
500
498
498
562
495
499
562
495
504
570
499
498
521
499
500
519
499
586
502
571
498
498
1324
603
599
599
642
598
599
600
598
598
597
597
601
598
597
598
597
599
599
598
597
602
598
597
598
597
597
602
597
602
598
598
599
599
597
598
598
596
599
599
597
597
600
596
596
600
601
599
598
597
597
599
600
720
599
600
598
603
601
503
498
502
499
502
497
572
501
568
497
569
500
568
501
500
509
504
500
504
498
500
504
496
506
523
497
518
498
496
499
496
503
498
499
499
499
567
501
499
501
498
561
501
562
499
571
499
500
502
494
561
499
574
501
497
503
495
565
497
500
504
499
499
502
495
527
494
526
499
519
561
507
501
501
520
561
496
502
496
561
506
500
497
495
501
496
496
573
496
527
498
563
496
564
497
500
567
501
566
497
572
496
518
497
524
498
500
495
500
506
502
497
497
501
574
501
571
501
565
502
570
499
500
565
496
525
500
502
503
564
502
496
502
499
528
501
564
515
505
563
496
520
497
516
495
495
495
502
501
497
499
497
519
498
565
497
564
501
572
500
499
517
497
566
496
498
496
497
500
495
499
495
501
498
498
495
527
506
498
501
500
499
500
497
501
497
500
495
495
495
503
496
563
496
569
503
507
496
501
501
500
503
498
502
568
505
495
496
496
495
564
500
496
502
500
510
502
499
565
503
498
520
499
565
499
573
498
522
499
500
518
496
521
497
574
498
498
505
577
499
502
564
499
501
508
497
564
502
500
519
498
526
498
522
500
563
497
500
534
500
503
499
542
505
569
497
564
497
563
497
517
497
549
564
499
502
504
501
567
502
502
566
504
495
500
568
501
496
571
497
567
535
502
570
499
499
504
502
522
499
497
501
497
500
496
563
495
566
495
565
499
507
566
497
501
569
498
572
498
501
539
567
500
499
499
523
497
500
501
494
500
499
502
499
517
496
28164
583
602
598
600
605
600
599
599
598
599
600
598
606
597
598
599
602
598
599
594
600
603
596
595
598
598
597
597
501
504
500
495
499
497
495
525
502
566
500
506
496
499
502
499
509
503
496
561
496
505
562
495
499
521
498
566
499
496
503
496
495
499
496
563
500
499
565
496
503
499
504
502
498
501
499
523
496
500
1644
603
598
598
598
597
631
779
652
502
496
500
495
496
499
498
539
497
499
501
498
562
495
527
498
582
504
574
500
497
532
502
499
518
495
495
503
495
499
494
495
568
500
531
495
534
497
570
495
494
500
566
495
499
502
500
571
495
498
501
498
626
1228
665
602
597
597
600
597
597
599
600
602
599
599
598
599
596
598
601
604
599
602
598
600
604
599
600
600
598
599
602
597
598
599
599
598
603
597
636
599
634
592
601
600
601
600
596
596
601
598
598
620
640
599
601
635
600
634
601
598
637
598
597
600
597
596
599
529
504
498
495
495
499
499
500
496
498
562
503
569
501
496
565
501
496
567
497
501
528
501
500
502
500
502
518
504
563
499
498
502
562
496
500
504
497
562
505
611
601
597
600
597
596
599
504
494
501
495
496
498
563
495
495
543
513
500
507
499
496
499
494
498
499
496
499
494
504
503
494
517
495
521
495
504
494
518
500
502
565
496
565
499
503
829
499
495
500
527
495
568
494
500
506
495
562
497
495
562
500
496
498
504
503
566
496
494
527
496
570
495
495
571
495
575
499
498
502
503
499
572
509
506
522
499
499
495
500
500
496
496
498
530
500
568
502
500
499
496
522
503
506
525
497
526
501
503
496
518
502
569
505
563
501
497
524
498
524
497
501
506
497
519
497
528
502
500
527
499
585
506
498
521
497
572
502
497
518
497
498
507
504
504
498
564
501
498
575
501
504
518
499
571
495
499
501
502
567
496
503
519
496
495
494
500
495
495
494
507
501
571
504
1710
517
503
547
511
3807
2048
513
516
502
499
499
494
495
647
504
496
496
495
501
504
498
647
505
533
493
498
495
495
496
29515
583
505
502
503
501
500
501
495
499
496
644
659
645
653
651
652
650
651
803
643
650
651
652
651
641
605
648
649
650
648
641
651
655
640
651
649
646
649
651
650
651
646
649
650
650
652
652
651
647
643
650
644
672
654
654
651
649
641
655
650
549
650
638
639
641
654
650
643
651
637
653
643
651
638
647
640
643
649
640
555
549
647
650
642
650
653
659
652
651
656
651
651
650
649
663
550
641
637
576
558
650
583
560
601
796
557
558
557
559
563
560
654
559
651
565
747
697
573
752
562
643
552
568
751
606
748
650
556
560
653
559
559
559
600
630
571
725
566
698
577
624
631
637
631
633
624
630
552
537
633
615
559
619
540
498
495
507
502
503
502
500
502
503
498
501
467
506
502
500
502
501
505
503
501
502
504
500
502
502
498
502
496
500
501
497
502
506
501
495
502
499
500
501
500
501
507
496
499
570
501
500
500
568
496
502
500
496
578
501
500
500
500
501
499
505
505
497
496
499
569
496
500
496
519
506
496
500
500
500
497
500
496
500
502
579
500
501
500
501
519
500
497
500
513
506
500
500
500
495
501
501
500
500
572
505
496
500
568
496
497
562
496
496
503
502
653
498
498
493
494
496
494
497
504
497
500
500
500
499
568
499
496
496
504
565
496
500
500
503
501
521
496
508
497
502
569
501
498
564
502
497
518
500
562
497
564
500
500
502
496
496
496
577
501
501
500
500
501
499
501
500
500
500
500
501
500
496
500
499
501
500
504
566
500
502
500
562
495
501
497
530
500
500
571
497
501
567
499
495
500
502
504
501
500
496
504
500
501
500
500
502
500
496
500
501
500
568
495
496
578
500
496
497
499
500
495
500
495
499
498
504
496
501
500
501
496
499
521
495
507
500
497
499
501
498
496
497
538
500
505
502
495
500
501
497
500
500
500
501
506
500
500
501
500
501
501
496
500
503
505
496
497
563
499
501
499
500
499
505
501
500
500
499
498
496
500
501
496
504
502
500
501
500
500
502
500
500
500
504
646
631
631
639
630
634
600
630
640
631
632
639
630
631
641
632
633
638
631
630
641
636
636
632
633
641
624
633
639
630
507
496
496
503
504
497
500
496
500
588
509
499
504
502
502
501
503
502
502
507
501
502
499
500
502
501
500
501
499
505
496
496
501
501
496
497
495
496
499
505
499
500
500
500
500
502
501
499
500
504
496
500
500
496
499
500
500
500
499
502
501
500
498
499
500
500
500
500
499
503
501
500
496
496
500
498
500
500
499
497
568
500
501
501
496
497
499
500
501
578
500
500
500
500
500
497
500
664
503
497
498
497
495
493
494
504
500
500
504
496
497
500
496
500
499
501
500
505
499
499
500
496
500
496
496
498
562
504
501
500
501
500
499
499
495
498
609
504
495
495
500
496
496
495
499
497
575
502
496
499
500
500
500
499
496
501
610
501
496
493
495
501
503
504
496
502
499
500
500
519
501
502
504
503
500
498
504
500
496
500
500
495
500
568
500
502
500
495
495
500
497
500
496
530
496
505
568
500
500
564
501
495
564
494
530
505
500
500
500
500
501
500
501
499
499
505
501
657
500
500
497
501
500
500
500
502
500
496
503
500
502
496
500
566
500
502
500
496
499
501
502
500
499
495
500
496
496
495
496
515
500
495
500
500
495
501
495
496
525
500
501
500
497
503
496
572
499
500
500
502
497
500
501
500
496
496
499
500
501
499
500
500
497
504
500
497
500
500
500
499
501
501
505
500
501
500
496
501
500
503
497
496
499
497
496
502
501
495
499
500
500
500
506
496
500
512
500
496
496
499
566
495
500
500
500
502
500
496
500
519
497
505
568
500
500
501
563
499
500
496
508
504
500
500
500
501
499
501
500
500
498
499
500
566
496
497
500
501
495
568
501
500
501
500
511
502
500
496
496
500
500
494
495
493
497
499
496
498
501
496
510
497
500
496
494
501
497
500
498
497
501
494
493
498
505
504
503
501
503
504
500
500
498
502
502
504
500
496
500
518
495
501
497
501
496
496
568
500
496
503
567
502
500
501
569
496
496
519
501
504
501
499
496
501
501
496
500
495
498
505
578
499
500
501
568
500
495
500
506
501
495
500
496
497
496
511
500
501
505
500
501
499
500
501
496
500
500
532
505
500
501
499
567
496
495
572
497
500
504
500
500
499
500
501
500
500
500
504
496
564
500
499
500
501
525
497
500
501
500
500
496
500
501
500
499
501
776
504
500
500
500
500
501
496
496
497
505
501
525
496
502
570
502
496
501
570
500
495
496
497
500
500
496
500
497
692
506
500
500
501
501
500
499
500
499
500
495
497
525
496
565
500
500
537
500
503
496
497
512
508
496
493
500
499
497
500
497
493
494
493
495
494
500
503
500
504
493
496
495
571
500
500
496
564
504
496
564
500
496
501
566
496
500
566
500
498
500
499
500
498
500
499
500
497
504
500
500
500
499
496
497
501
496
575
625
626
630
624
623
631
631
547
637
502
496
504
500
496
500
499
500
504
500
500
496
501
500
500
500
500
507
499
575
500
500
500
500
497
500
500
573
501
497
500
500
495
499
497
500
502
500
500
501
500
499
495
500
501
496
588
504
500
497
496
496
501
496
498
500
502
501
495
496
562
500
496
566
502
500
502
500
495
496
512
500
501
499
496
502
499
500
501
500
499
496
502
496
500
496
504
500
496
498
502
496
565
496
567
504
501
496
497
501
499
510
499
500
501
504
501
496
496
498
496
500
497
500
501
528
500
501
502
497
502
496
496
502
502
500
577
496
497
573
500
497
563
497
505
500
500
500
501
498
577
500
500
534
506
496
498
500
496
501
500
496
501
500
573
496
496
518
496
569
500
495
503
501
497
501
500
501
497
500
500
497
736
501
498
493
502
498
500
502
504
503
504
500
501
497
496
496
500
564
500
496
501
500
520
500
500
565
500
501
496
648
506
505
501
495
500
495
561
497
500
569
504
496
501
568
496
496
563
501
495
503
496
498
513
500
500
496
496
497
469
512
500
495
501
496
499
499
502
573
496
504
495
500
501
500
500
496
563
501
504
496
496
501
520
496
564
501
496
565
500
496
499
496
497
500
500
500
495
620
500
500
496
572
496
557
632
543
502
492
502
499
496
499
496
519
500
574
501
497
500
500
499
500
500
496
500
502
572
500
496
496
578
500
496
499
561
504
500
630
640
631
633
640
638
506
498
790
603
503
496
502
496
500
501
500
496
501
502
501
497
499
495
501
504
496
497
573
500
501
499
496
495
496
505
565
500
496
567
497
500
563
497
504
501
500
496
500
500
568
500
499
495
503
496
500
500
496
495
501
495
495
528
504
502
500
562
496
495
498
498
495
503
495
571
500
501
562
496
502
563
500
502
496
497
500
496
500
496
497
500
501
504
496
575
500
500
496
500
502
501
497
503
496
501
501
496
496
500
564
499
504
496
495
496
500
495
496
499
500
499
503
499
500
497
496
497
574
499
501
514
504
500
500
500
501
500
499
497
497
577
504
500
501
498
495
500
501
495
564
505
499
496
500
500
496
501
495
496
501
504
496
496
500
500
501
496
496
501
497
498
497
576
499
500
500
500
496
500
497
503
495
496
495
501
500
499
496
496
575
499
494
496
500
501
500
499
500
500
501
499
500
683
751
643
631
642
755
639
631
638
631
631
637
632
568
627
642
631
632
640
631
634
637
635
626
640
630
632
637
630
641
631
630
640
629
630
638
631
630
634
637
630
630
639
633
635
626
630
631
639
632
630
639
633
638
496
499
499
496
499
499
494
494
610
503
495
494
499
496
495
498
495
500
500
495
566
498
499
501
499
496
499
563
506
499
500
496
499
496
496
495
499
500
500
498
562
498
498
500
498
498
495
496
504
499
499
498
495
564
498
499
494
504
499
499
495
498
495
496
495
498
499
506
501
497
497
497
501
502
497
497
499
503
500
496
563
498
495
495
498
495
501
505
497
500
501
568
501
502
500
500
503
499
495
498
498
499
495
496
499
499
502
501
570
502
501
569
501
498
496
499
504
568
497
499
568
496
499
499
566
506
506
522
498
588
598
597
601
598
603
597
597
597
635
598
597
600
597
599
600
597
635
598
599
596
645
596
597
599
597
596
597
597
602
602
598
598
599
598
596
599
597
603
600
596
597
598
597
501
495
467
502
495
566
495
499
521
496
565
499
501
571
501
496
568
498
656
602
599
601
598
598
600
598
597
599
597
600
603
597
597
598
597
596
634
641
603
636
630
598
602
600
602
639
602
596
599
599
598
628
599
596
602
598
599
637
597
598
598
596
597
642
600
632
600
599
601
604
629
604
599
600
600
602
599
600
601
606
597
598
597
597
601
598
598
599
599
598
599
597
597
599
597
630
606
600
599
602
600
599
602
599
631
599
597
598
599
634
598
598
601
600
599
596
597
598
598
599
573
632
629
641
649
633
637
634
651
640
621
626
634
636
634
631
638
628
635
634
638
632
640
644
619
638
641
634
636
629
638
627
636
622
642
631
637
629
638
634
638
643
627
639
626
638
586
654
640
630
631
629
634
630
639
629
639
630
637
587
629
624
635
638
641
628
634
659
637
634
636
625
632
637
627
640
625
640
631
627
633
628
636
636
633
622
640
526
655
623
634
627
638
631
636
633
636
634
634
640
636
637
778
633
622
630
633
632
624
629
635
636
626
635
634
644
629
632
586
634
630
627
631
632
632
627
607
657
648
653
542
634
644
645
657
642
646
629
664
653
651
649
646
646
651
645
539
644
540
639
642
541
645
639
659
542
643
643
628
644
538
646
640
675
650
643
645
558
537
553
636
646
647
642
537
543
542
640
646
635
648
662
554
666
541
634
539
652
640
644
651
642
646
642
538
661
643
640
634
542
542
633
642
652
538
643
537
539
646
660
534
645
632
657
651
539
647
651
587
591
603
599
502
501
497
497
497
504
499
567
499
500
562
499
493
499
495
505
567
500
499
569
499
496
563
496
530
506
500
522
504
570
501
498
498
564
502
500
495
494
495
500
518
496
500
502
499
503
500
518
498
568
502
496
568
502
2309
607
500
495
500
495
501
505
496
564
498
499
500
497
2564
607
599
599
600
600
598
600
628
502
495
603
550
497
494
499
496
496
499
501
567
500
499
500
497
3117
603
600
599
502
495
501
499
497
500
502
683
500
500
605
544
500
494
501
496
499
496
567
509
499
498
563
552
603
596
636
602
600
598
599
597
597
598
601
595
2105
980
593
601
597
597
537
500
496
495
497
497
564
495
566
496
506
558
498
501
519
497
573
497
572
502
503
503
570
499
498
566
497
565
495
574
496
566
495
498
494
497
495
499
495
504
504
502
502
575
498
497
563
502
498
500
497
496
521
496
501
567
499
667
633
625
627
627
634
624
638
641
628
624
633
633
630
630
634
626
644
630
630
630
642
635
588
624
634
642
656
638
636
630
643
640
623
645
634
620
630
622
603
622
637
632
624
634
635
635
629
638
635
637
631
627
639
632
625
630
631
632
634
640
632
642
627
631
627
631
634
624
633
650
636
632
636
627
645
634
641
633
640
635
643
639
641
631
631
643
645
631
638
635
644
651
637
638
632
633
634
633
626
647
641
631
646
631
628
640
631
641
631
643
628
627
640
911
634
638
642
635
630
631
631
632
679
626
626
632
632
629
643
1892
731
626
639
630
625
629
627
528
533
544
598
613
612
606
612
501
633
630
635
631
641
633
626
638
505
491
501
496
500
496
496
560
496
497
505
532
494
499
497
510
516
497
508
497
496
496
501
496
496
526
495
558
621
501
500
495
498
561
495
496
498
495
496
500
494
493
493
498
500
499
519
518
506
496
498
577
496
496
498
496
559
495
500
497
496
495
497
588
496
496
497
568
499
496
520
496
558
495
559
496
496
503
496
558
495
560
496
496
514
497
558
497
501
497
501
502
496
503
498
570
497
501
525
521
496
561
496
496
498
496
534
496
523
496
558
497
559
496
497
496
500
519
496
562
496
560
496
496
566
502
562
495
496
497
496
498
496
516
497
563
496
559
495
496
499
496
575
495
502
495
560
497
496
558
496
495
497
496
500
496
558
496
496
511
496
496
496
513
500
495
496
496
515
496
496
497
496
496
575
496
495
495
496
496
499
497
496
574
496
496
497
496
562
496
495
496
496
501
496
496
495
495
509
496
495
496
511
500
496
496
495
498
496
496
570
496
497
500
496
497
498
496
495
498
495
496
501
496
512
496
495
496
496
498
497
497
502
496
496
497
496
495
492
497
501
497
523
496
496
498
498
561
496
562
496
500
561
495
496
498
496
567
498
496
621
505
501
500
497
496
500
497
496
495
497
575
496
497
495
514
497
496
496
496
561
495
497
496
498
497
496
504
504
502
569
497
496
498
497
561
495
561
496
497
562
496
561
497
497
565
497
560
496
566
496
496
499
496
498
497
518
497
505
500
561
497
560
495
497
499
495
565
502
496
498
499
496
497
571
496
496
571
501
497
497
498
497
566
495
558
496
562
501
496
524
496
560
495
497
498
496
514
497
495
496
496
495
494
495
494
500
505
495
497
560
495
496
498
496
520
498
501
496
496
512
495
496
496
496
497
496
500
496
568
496
497
496
496
512
495
500
496
497
510
496
496
496
496
512
496
500
498
496
496
495
499
496
496
496
512
501
496
496
494
493
493
498
500
499
497
503
496
497
497
496
496
500
501
496
507
500
500
496
500
500
495
495
497
496
502
496
512
496
496
497
497
571
496
529
501
496
495
497
526
496
496
496
573
496
499
496
497
512
496
495
511
496
497
565
497
496
496
497
515
497
501
520
498
562
496
496
519
497
560
495
560
495
561
500
496
559
496
561
496
496
498
496
503
496
559
496
497
498
497
563
497
594
500
496
560
495
559
497
561
496
496
525
502
495
497
560
496
560
496
558
496
563
496
559
496
559
495
496
499
495
498
500
521
496
495
524
497
561
496
559
500
497
501
500
495
496
560
511
497
555
500
496
561
496
496
498
496
499
496
511
500
496
571
496
496
496
569
496
496
565
496
559
496
497
527
495
518
497
518
500
568
496
497
498
496
569
495
559
505
492
499
500
497
497
501
499
500
497
499
496
497
496
499
495
496
568
495
565
504
495
496
495
497
510
496
496
496
574
501
496
495
496
512
495
496
497
511
499
497
496
526
496
496
570
496
496
511
501
497
512
495
496
500
495
495
500
493
498
506
516
497
499
502
496
496
562
503
501
501
497
495
559
496
569
498
520
500
497
522
497
562
496
495
560
495
499
533
496
557
497
560
497
559
498
559
500
496
499
495
498
498
498
496
559
528
500
559
497
521
496
558
496
557
496
496
501
499
495
492
500
495
502
496
497
502
496
496
497
499
496
496
558
496
571
500
496
497
494
493
493
499
496
501
495
505
501
500
495
497
496
495
498
496
496
513
497
496
497
512
496
497
497
508
502
496
496
499
496
569
497
497
573
496
501
496
515
497
497
508
496
495
571
497
500
497
511
495
496
496
508
497
497
501
497
510
495
497
497
511
497
496
500
503
496
495
497
582
497
496
496
512
497
501
496
497
512
495
497
497
495
493
495
496
501
501
496
501
496
495
497
496
525
500
27764
582
604
610
610
565
608
606
541
567
599
568
539
564
605
565
503
495
500
500
495
497
496
560
495
495
560
498
507
492
494
496
500
495
495
496
570
529
524
