757
516
519
518
518
518
550
516
902
528
519
520
515
517
518
517
513
515
524
523
522
525
520
520
521
519
511
517
528
516
518
516
516
517
519
520
517
519
541
533
526
521
530
536
517
514
514
534
526
515
515
513
510
511
561
517
517
519
516
510
514
514
514
514
517
656
564
520
982
558
526
524
530
546
518
516
518
512
515
513
516
514
517
517
516
592
849
719
774
782
708
757
709
683
612
515
512
510
510
508
513
513
509
515
516
515
578
510
515
514
514
510
510
596
514
515
510
516
509
587
519
513
515
590
514
518
514
514
580
511
513
518
518
521
518
518
525
528
533
534
532
526
535
533
529
596
524
531
528
526
532
539
606
533
532
528
607
533
531
527
601
536
524
530
530
532
526
528
605
529
533
531
599
540
537
530
617
529
530
600
534
600
524
521
527
597
517
520
519
606
548
527
615
520
527
604
528
524
523
588
511
514
518
514
514
516
581
513
529
520
515
584
511
518
514
515
515
577
515
518
514
513
532
517
515
513
577
510
522
513
589
514
513
515
512
509
583
521
517
513
578
520
518
514
513
578
510
722
515
516
515
517
516
513
510
512
515
521
513
513
582
514
512
514
514
578
510
518
509
510
531
513
514
515
510
584
513
520
518
520
516
518
520
514
517
509
530
514
577
513
518
514
519
513
514
512
587
511
513
513
514
513
577
513
509
516
520
513
577
516
514
514
513
514
577
540
540
558
637
537
530
535
533
533
543
542
664
549
542
553
750
787
778
775
741
866
758
746
761
779
731
786
732
783
769
786
772
764
905
719
761
782
761
761
767
731
758
765
764
791
762
770
774
766
791
735
753
754
761
748
756
754
771
741
753
761
757
756
767
745
761
751
757
757
766
749
754
756
805
760
764
772
772
764
764
769
761
703
699
702
696
703
705
776
769
744
754
750
770
756
750
750
736
662
754
650
755
684
699
686
691
700
685
689
700
668
756
674
712
703
706
706
705
681
704
676
653
727
680
734
703
697
707
683
732
705
705
705
708
705
712
660
652
729
674
650
724
581
676
702
696
700
697
704
702
724
683
645
720
673
646
702
671
779
701
727
729
700
725
702
701
703
686
676
705
696
682
692
688
705
701
699
722
696
698
724
705
651
647
646
728
697
692
785
742
711
708
708
731
719
727
695
648
647
723
675
702
676
678
680
675
752
677
686
676
684
664
681
705
702
696
703
726
724
685
647
646
656
709
679
679
575
743
666
745
748
643
644
711
695
729
699
724
710
726
701
703
713
699
698
701
701
701
703
725
658
675
682
684
744
680
692
675
705
696
703
729
726
707
707
713
702
707
734
701
701
703
715
701
702
702
708
704
704
700
690
703
704
722
701
702
702
648
519
513
512
511
520
519
522
520
527
521
520
519
520
519
519
516
518
523
511
516
517
518
517
510
515
517
510
511
517
521
516
513
519
518
521
524
512
516
516
520
512
508
511
518
515
527
519
520
519
510
512
517
520
518
520
520
519
518
531
517
519
519
520
519
515
520
515
521
526
519
515
522
521
520
516
519
520
518
526
517
517
521
521
520
516
510
520
528
521
515
512
517
519
519
526
519
519
526
519
519
520
519
518
519
520
515
515
524
520
516
518
521
520
513
512
509
519
531
521
523
520
520
523
520
521
517
518
522
517
517
518
513
519
512
518
515
529
519
522
517
523
515
526
521
519
521
524
26551
522
537
521
516
518
516
514
509
523
528
511
520
522
518
517
516
519
515
524
521
517
512
513
520
514
514
519
522
519
515
520
531
517
511
510
512
517
517
516
518
516
523
519
523
518
518
517
512
520
511
517
521
516
518
516
511
515
512
515
514
517
525
521
517
523
522
518
518
515
517
511
515
513
521
518
516
522
514
509
508
517
519
516
512
516
518
521
513
520
512
516
518
510
528
537
521
521
26473
523
521
507
512
511
538
521
514
522
519
523
522
517
518
514
520
514
513
521
517
523
517
517
516
511
546
518
510
515
517
520
515
508
517
517
515
516
513
515
518
516
514
513
518
513
532
514
518
526
515
515
515
511
517
514
518
511
510
517
514
509
518
519
519
516
525
519
524
514
518
525
511
508
513
520
522
519
523
519
522
517
519
520
524
519
518
509
518
508
518
519
520
528
524
527
518
522
515
527
519
520
521
519
521
533
519
527
516
520
521
518
517
517
26492
521
518
515
511
517
512
516
514
511
509
514
513
513
756
538
526
514
730
668
525
738
773
815
694
710
680
659
639
531
522
520
522
520
522
522
518
535
524
516
514
517
514
518
521
516
522
521
523
521
522
522
514
517
512
517
510
521
520
524
514
515
525
518
516
514
513
511
523
521
519
517
519
521
519
521
520
520
520
513
515
514
515
518
522
522
522
526
521
515
517
511
513
515
518
516
519
528
525
520
515
515
512
513
518
521
516
531
521
523
517
517
510
514
516
522
525
525
523
526
524
522
520
522
512
513
518
517
517
517
520
523
526
528
523
523
517
516
516
27283
528
524
521
521
514
517
516
513
514
523
519
513
524
519
526
521
515
513
517
526
520
517
516
513
516
518
518
542
516
526
525
516
520
525
521
522
520
515
520
516
512
522
524
516
515
511
519
514
525
523
524
521
517
528
522
516
524
559
521
523
524
522
523
522
516
514
511
518
528
513
518
521
27203
526
517
516
515
517
518
513
526
517
515
517
512
513
521
524
511
510
523
519
516
515
622
522
510
511
517
515
522
518
517
514
516
517
514
508
513
524
534
521
521
524
517
559
531
525
523
516
520
515
517
523
522
514
509
517
517
525
530
525
525
520
27085
519
518
657
520
513
585
510
581
520
512
582
510
516
511
516
511
577
517
525
514
29241
731
742
747
696
657
562
526
529
515
643
658
518
511
514
516
589
517
510
511
509
511
653
510
514
552
524
511
516
511
27826
683
690
701
699
698
707
990
689
747
707
693
534
515
515
551
585
515
514
515
511
518
536
516
512
520
515
510
515
603
584
511
511
27486
710
709
700
556
515
515
516
510
514
514
513
573
514
529
519
514
533
514
512
692
542
515
515
584
551
519
510
27788
736
709
738
705
711
709
518
513
592
651
542
515
510
517
511
514
518
581
508
511
508
513
508
512
588
521
516
511
527
515
599
26985
743
685
677
663
689
644
850
669
671
642
834
958
832
680
848
688
740
697
869
696
631
690
697
673
693
761
579
738
691
732
720
710
721
762
764
770
763
551
525
1397
726
704
683
847
795
852
863
866
811
772
833
720
796
729
791
736
926
959
772
762
740
777
729
780
745
771
785
797
747
783
793
791
801
682
755
782
777
787
779
774
841
737
742
773
780
763
800
799
627
726
800
766
747
768
775
765
785
780
749
749
835
794
805
766
774
778
724
785
801
814
817
797
748
806
772
802
744
747
776
768
755
774
769
798
758
735
744
777
729
723
717
733
745
738
746
740
732
729
752
746
746
741
721
741
745
765
772
744
761
738
767
780
754
772
749
760
747
784
764
750
758
764
759
769
751
789
771
780
750
786
772
742
762
747
752
753
738
707
710
701
760
703
690
780
734
751
749
751
745
753
751
777
751
769
765
760
755
697
760
778
745
761
749
751
748
749
753
777
739
748
755
762
757
752
639
518
512
513
514
517
520
517
511
519
515
515
514
512
519
515
508
508
524
516
513
519
511
517
520
516
515
508
514
516
515
525
512
514
507
515
513
516
508
513
514
519
514
514
515
518
508
510
515
512
522
513
518
515
515
518
517
515
517
514
27669
551
497
515
510
511
511
511
526
513
509
510
511
515
509
510
511
514
512
508
510
511
511
514
512
530
510
512
566
539
510
573
517
511
578
572
511
574
511
511
509
510
518
511
510
509
569
510
575
509
575
512
582
513
512
584
535
576
511
512
567
583
511
573
511
572
511
572
511
572
512
581
515
511
511
510
512
511
512
534
514
581
512
542
511
576
510
509
509
511
518
577
514
576
513
579
524
515
514
582
584
512
575
544
576
511
510
511
510
514
518
588
513
514
586
513
30440
692
746
544
511
512
511
537
511
588
509
532
535
585
510
583
543
573
511
515
510
509
517
510
509
509
509
513
512
509
509
769
515
510
509
509
575
509
532
510
573
587
511
575
524
635
716
512
512
508
692
517
533
511
577
539
561
512
562
511
519
509
510
510
575
510
533
510
570
511
578
572
512
524
511
586
573
511
541
514
511
587
525
573
510
509
511
509
509
514
511
576
542
510
576
510
580
510
579
577
510
525
512
575
584
509
652
514
517
585
511
512
509
511
509
510
510
514
513
510
512
584
511
512
511
510
512
514
583
513
577
513
513
512
511
512
513
604
512
574
511
577
574
511
511
510
510
518
512
582
513
568
29384
690
702
675
512
518
510
510
584
516
582
512
587
516
648
584
513
511
510
510
509
29813
550
575
509
525
531
511
509
519
29791
554
583
510
510
518
532
510
510
29676
697
514
510
510
510
510
515
509
29771
675
515
510
539
573
528
837
516
508
508
510
509
508
510
508
510
516
517
510
578
510
573
511
571
510
511
518
510
509
580
29477
692
545
510
576
511
542
513
510
526
511
511
508
509
573
529
524
536
510
512
580
509
509
511
510
509
517
32338
695
543
511
509
509
509
513
508
511
508
509
545
509
510
509
510
513
578
571
509
509
530
509
508
509
517
509
509
510
508
511
508
574
512
508
514
509
575
509
509
565
573
509
510
676
516
509
511
511
509
511
510
525
512
514
573
509
576
509
541
511
575
511
508
517
510
509
509
508
511
509
510
509
511
516
510
592
512
509
524
511
511
524
511
516
526
510
511
523
511
510
511
586
515
584
511
510
586
511
511
584
511
509
515
509
591
509
510
589
510
508
583
509
514
509
584
510
510
583
512
510
509
632
513
540
512
574
511
573
511
511
533
517
512
577
512
576
513
577
511
575
513
579
512
534
512
574
512
576
512
578
517
511
579
511
579
517
607
4292
1912
549
573
2176
540
1193
537
511
509
510
511
511
509
586
516
511
532
510
572
509
509
531
510
580
511
509
572
509
576
509
509
577
527
576
511
572
509
509
575
510
510
577
512
577
510
512
512
509
511
509
510
574
515
509
510
510
511
573
509
511
581
510
540
510
573
509
573
511
509
572
509
512
513
576
510
577
510
572
510
512
509
542
514
511
531
509
510
576
510
511
572
518
510
578
513
511
578
515
574
513
511
579
511
512
575
511
512
575
511
513
582
516
510
577
593
512
510
510
508
534
517
511
576
512
512
510
579
512
574
513
514
578
509
571
511
510
538
510
530
512
577
511
509
576
511
571
510
508
576
517
574
514
511
574
513
511
535
512
575
516
510
542
510
573
511
509
576
510
618
515
512
513
535
512
576
512
574
512
521
512
510
511
510
509
527
509
511
482
516
521
541
533
751
590
513
510
578
518
511
576
511
573
509
530
513
580
524
536
512
538
510
576
511
576
511
576
512
579
510
581
510
572
510
509
577
509
541
510
531
510
575
513
576
510
577
574
516
509
576
510
580
510
573
509
533
516
512
511
580
512
511
587
513
511
512
514
512
508
524
510
511
510
524
509
512
514
586
510
511
511
523
511
511
508
527
515
513
511
587
513
513
512
510
511
532
511
511
509
525
510
510
583
510
509
517
512
512
525
512
513
512
511
510
511
515
508
510
510
510
510
509
511
510
524
515
509
512
509
577
511
511
585
510
520
512
512
513
511
578
511
513
510
526
516
510
508
588
510
508
524
511
510
475
513
510
508
510
511
510
509
510
511
516
515
580
512
512
526
514
512
577
512
514
513
524
510
510
509
588
510
510
523
519
511
512
510
591
512
511
526
511
513
513
524
510
508
524
612
528
510
511
515
510
509
581
511
522
509
511
583
510
515
509
588
510
509
509
515
510
510
510
514
510
511
578
511
577
511
577
511
577
517
572
511
573
511
526
574
510
573
520
512
585
510
510
510
523
510
511
489
513
510
510
510
509
512
572
511
510
577
514
577
511
575
509
572
510
509
574
519
583
511
510
511
587
511
510
578
511
513
526
509
510
510
525
511
510
511
526
518
513
512
512
511
586
513
511
514
511
515
508
585
509
510
510
525
510
509
515
508
588
511
507
574
509
511
508
578
518
511
577
512
513
511
511
586
512
512
514
510
509
508
585
510
509
510
588
511
513
512
510
525
510
511
508
587
512
515
511
510
512
510
511
512
510
513
511
515
510
510
510
510
510
525
511
510
510
531
513
512
513
512
511
586
512
512
513
515
527
512
512
511
512
511
512
511
514
513
527
512
511
520
602
514
510
577
520
509
510
533
511
536
512
572
511
541
579
510
510
535
510
532
510
532
512
574
514
511
536
511
574
510
509
577
510
581
511
573
511
510
576
511
537
511
29022
627
516
511
509
511
511
510
510
509
511
509
583
512
509
579
510
574
510
510
534
510
514
573
510
511
530
510
571
509
511
578
510
583
511
510
509
524
510
510
510
587
510
513
509
592
510
510
509
510
577
514
509
511
508
586
510
510
509
509
574
513
510
573
510
510
572
511
509
509
517
510
509
510
508
509
524
510
509
511
514
573
510
508
572
510
509
508
577
510
514
508
587
510
574
510
509
512
508
789
578
509
511
508
576
509
572
511
509
578
511
510
510
575
510
511
572
511
511
514
509
525
510
510
584
513
511
511
510
514
581
513
532
510
510
576
511
577
599
514
513
581
564
567
561
558
621
596
516
576
577
579
567
577
576
575
578
580
576
577
577
576
576
576
510
511
517
577
576
574
577
511
509
511
576
578
579
576
577
576
577
575
578
577
577
582
575
576
576
577
575
574
576
576
575
575
567
577
581
576
564
588
567
586
517
574
510
512
510
590
509
515
570
549
513
510
511
515
577
512
516
27699
625
649
720
789
701
716
706
717
711
718
784
713
706
559
510
511
509
512
512
508
512
585
515
511
537
576
512
591
513
516
523
519
512
514
509
509
509
509
509
510
580
509
576
575
570
575
573
573
576
513
583
576
577
508
512
511
591
578
511
520
511
589
573
575
575
511
512
516
590
517
27919
711
692
719
725
711
769
667
717
718
727
644
705
698
713
515
517
510
518
639
513
510
511
576
512
593
526
591
522
511
513
510
512
510
513
511
511
513
515
511
512
576
511
511
512
574
511
515
511
509
515
512
515
511
512
588
512
519
512
512
533
511
585
513
511
512
526
516
511
513
544
512
512
512
577
513
512
580
512
511
511
525
512
512
510
509
520
512
516
511
512
512
576
514
511
631
521
516
511
576
512
584
512
511
578
513
582
575
512
533
27297
694
778
677
760
684
648
785
710
720
764
677
688
612
680
694
704
753
706
702
686
551
509
510
513
515
516
515
511
509
581
512
532
512
590
510
592
510
530
512
511
509
586
539
512
510
509
510
507
514
511
514
515
518
517
513
515
511
513
511
583
510
578
513
511
541
513
577
511
583
513
575
628
514
516
511
511
510
583
511
571
511
539
512
577
511
512
573
512
509
586
510
580
511
577
511
582
510
532
579
511
581
512
510
580
511
511
581
511
580
607
515
510
531
580
511
507
507
512
516
533
538
528
546
555
528
535
535
620
511
530
529
536
526
561
550
557
534
557
512
602
526
535
535
565
593
511
528
533
538
563
557
532
534
551
512
532
610
516
527
532
532
548
534
532
527
530
533
554
528
556
533
611
512
523
513
593
532
538
550
534
536
532
557
521
534
553
542
527
513
528
534
533
617
525
513
629
516
528
556
533
534
511
513
511
508
524
518
514
511
529
532
550
555
544
534
556
531
535
534
553
533
533
511
535
556
527
511
535
534
533
612
511
534
533
595
530
512
555
560
535
531
533
531
511
539
533
520
526
532
535
527
532
534
543
528
531
557
556
533
529
532
530
533
609
555
533
557
512
570
533
517
535
539
533
535
554
554
532
552
536
537
534
534
528
535
593
535
535
548
532
534
620
512
508
525
554
554
527
530
533
537
607
528
533
556
535
511
557
537
532
554
551
529
617
522
528
534
534
556
564
532
527
534
534
535
528
535
512
613
527
522
524
556
513
535
595
529
531
534
531
529
534
533
529
589
511
523
595
521
534
550
531
628
528
534
513
528
512
600
534
550
534
535
511
535
534
553
599
513
542
545
534
534
535
533
536
554
524
527
526
534
532
513
531
592
527
568
556
539
514
549
532
596
538
532
535
539
513
512
531
535
531
532
558
533
536
548
535
532
512
559
555
534
531
513
533
534
513
556
527
527
533
532
530
554
528
533
532
534
518
531
557
527
591
516
510
528
532
532
535
534
556
528
560
530
523
511
531
535
551
532
535
592
525
513
557
534
512
557
556
537
555
558
528
536
550
533
535
530
617
513
734
515
509
509
512
512
527
535
534
532
557
524
511
596
528
532
557
558
511
646
515
522
563
533
528
533
531
520
556
610
531
558
534
532
531
532
533
555
523
527
625
527
536
617
522
528
527
553
555
535
594
521
554
532
530
540
544
511
559
595
523
534
593
526
553
535
554
601
533
533
562
593
516
554
528
555
535
540
533
555
534
556
598
526
528
533
538
532
536
589
533
532
533
531
538
613
519
515
535
533
556
554
554
534
534
537
552
532
512
612
522
535
515
621
514
537
533
534
533
525
526
593
511
531
558
557
535
610
516
533
554
555
532
616
530
511
535
535
553
535
557
595
515
533
531
557
557
534
550
533
555
558
512
543
612
528
518
559
528
533
512
628
517
531
518
533
536
613
524
534
556
547
532
534
532
538
616
526
528
534
550
532
532
532
560
527
511
536
556
531
540
529
554
549
518
533
556
557
549
557
525
513
532
595
544
555
541
552
513
795
528
533
612
535
523
530
527
513
557
539
531
546
554
514
536
512
533
526
558
534
554
537
594
518
527
558
513
590
515
532
590
515
512
555
534
594
535
539
555
532
533
534
534
535
513
533
557
538
590
517
532
588
523
565
594
521
539
523
534
514
513
607
534
533
512
536
616
511
536
538
529
554
534
554
512
516
534
557
554
556
555
512
556
552
513
539
532
511
534
556
526
513
597
529
553
511
535
512
535
610
533
594
531
534
558
534
531
526
533
533
600
533
530
559
527
617
526
528
532
531
555
532
540
528
532
549
552
555
532
512
526
511
537
536
526
534
553
533
525
534
533
535
516
622
510
536
555
534
554
520
511
547
555
526
526
530
558
535
534
533
511
533
552
557
595
524
527
512
555
535
559
535
604
512
612
512
614
523
534
581
607
515
533
557
555
616
511
524
702
518
513
517
515
528
533
555
522
617
523
533
532
555
511
597
533
555
535
614
530
512
512
512
555
534
532
533
523
598
518
532
526
604
530
534
534
555
535
539
532
535
595
513
534
556
542
553
524
535
524
512
535
537
594
522
612
531
527
596
556
562
616
526
512
532
534
600
533
534
534
531
556
533
592
532
534
522
537
556
527
595
532
554
536
528
532
532
511
544
555
528
568
532
534
529
536
534
531
596
510
535
530
591
602
516
531
533
610
512
532
529
527
528
553
521
528
535
554
532
536
535
553
533
621
515
533
532
541
534
512
611
513
535
523
609
521
535
533
533
550
615
512
515
557
535
528
555
528
534
527
511
513
538
537
614
511
535
531
534
594
523
536
535
611
536
530
528
532
526
556
537
596
522
533
535
555
514
555
532
526
563
527
596
537
531
516
529
534
554
606
511
533
535
512
533
530
550
549
592
517
533
520
531
554
531
534
511
534
598
556
530
513
614
521
532
528
538
600
515
517
526
531
523
533
524
534
532
611
522
536
569
527
533
552
543
613
528
531
560
531
538
555
531
617
525
533
538
512
611
588
510
528
535
551
551
512
532
533
533
546
549
534
509
551
514
548
527
532
527
555
508
512
556
535
510
527
531
534
532
531
531
534
585
515
524
531
526
534
557
595
528
534
532
534
521
539
511
528
554
532
513
595
533
517
512
511
511
527
517
536
519
554
531
556
531
555
533
534
533
532
520
534
525
518
555
549
552
544
524
534
526
531
561
536
521
528
552
596
525
524
532
595
515
551
552
550
532
533
511
557
552
600
532
535
532
557
531
568
526
526
511
532
526
533
553
536
534
527
531
536
558
532
532
616
516
617
511
529
523
595
519
534
533
533
555
556
562
535
566
556
530
533
532
526
527
514
533
513
534
516
531
534
532
533
547
558
534
556
537
546
534
562
552
513
616
522
530
619
531
538
555
525
527
528
516
567
550
560
534
536
554
522
541
566
553
525
527
518
511
550
521
555
554
526
526
526
558
513
529
535
555
533
547
528
532
617
515
535
532
535
553
554
516
595
511
519
541
543
534
534
528
534
527
520
624
534
534
550
533
517
511
557
526
533
519
534
511
553
554
535
532
533
533
535
531
533
537
533
509
514
511
512
530
650
516
513
525
513
532
536
533
550
578
528
521
562
529
533
540
554
537
564
520
531
521
534
531
616
511
528
529
537
620
509
535
531
514
527
533
543
549
534
537
612
511
527
555
527
532
595
511
514
528
532
535
554
555
529
533
535
557
523
522
552
528
534
532
566
554
532
600
526
550
527
553
523
513
552
557
533
520
534
557
592
525
517
523
526
525
537
525
512
534
529
562
562
555
556
533
521
551
535
617
532
511
617
527
535
522
535
533
618
510
533
552
531
511
614
512
544
547
595
508
529
555
532
551
555
511
556
540
549
592
519
615
512
526
531
537
534
541
520
520
531
554
527
537
530
533
534
524
528
532
522
513
610
521
533
542
607
525
556
534
552
516
599
512
531
533
532
535
526
522
533
533
538
512
554
519
533
533
533
528
548
536
527
519
526
553
532
528
531
520
535
517
554
534
526
533
526
533
528
529
512
537
535
545
511
533
533
617
532
533
517
531
541
533
533
512
612
524
541
555
535
531
535
531
516
532
535
550
529
559
536
527
534
533
534
510
556
552
513
537
535
556
557
522
532
512
533
531
561
526
535
533
524
533
536
554
513
529
530
511
595
524
536
554
555
590
533
591
513
511
532
566
555
556
554
532
535
536
614
508
531
511
596
593
530
533
554
615
514
514
532
527
588
512
533
511
531
532
533
532
592
512
510
516
532
554
519
534
590
512
518
532
613
527
599
520
508
512
572
612
511
526
534
552
538
556
527
527
511
542
528
614
513
532
523
533
536
555
556
532
533
532
548
536
555
521
513
595
528
547
533
532
524
558
529
592
515
512
535
532
527
587
544
519
512
515
512
509
515
515
514
510
595
509
511
515
511
591
532
514
516
514
42548
516
517
587
508
515
587
585
519
511
510
510
511
514
510
583
516
522
515
593
513
515
515
585
601
591
589
594
515
516
512
581
512
516
589
584
519
517
27382
554
523
511
520
519
521
515
514
515
663
519
511
516
515
510
584
515
524
514
4660
690
714
553
517
495
833
715
555
516
511
511
512
511
580
517
509
510
515
589
566
588
582
571
512
538
528
526
511
512
512
508
535
581
549
586
586
526
588
512
510
511
512
609
536
542
545
528
605
551
29241
786
735
789
760
805
752
727
751
748
735
777
774
783
763
784
770
748
751
768
739
727
750
756
734
745
803
737
735
739
736
737
736
825
747
737
735
734
779
734
631
751
733
732
775
734
735
733
735
749
779
684
732
734
773
672
841
734
738
735
766
731
729
729
832
604
737
824
771
751
731
776
784
672
825
780
632
817
734
742
776
785
780
740
738
724
684
587
587
769
673
675
679
674
689
796
758
763
764
576
670
715
733
760
581
821
586
757
659
778
780
822
580
645
577
821
808
604
591
821
591
769
742
582
688
686
674
678
709
591
821
721
829
592
822
587
682
819
681
677
593
739
579
775
824
664
720
825
582
769
800
579
767
819
601
668
675
677
676
582
583
673
599
580
770
675
584
579
765
723
595
756
822
736
578
995
671
580
820
574
689
683
678
683
711
672
671
675
560
678
650
656
682
679
678
679
682
677
676
694
564
677
678
574
671
659
667
680
670
684
676
675
676
673
665
682
675
677
685
672
677
672
633
521
517
513
515
513
515
517
512
517
521
515
511
511
510
511
513
510
582
516
518
513
514
594
511
517
511
582
516
515
522
585
518
521
583
517
519
517
584
518
1480
537
511
511
513
511
515
511
531
518
586
516
515
514
578
510
514
584
519
515
514
582
519
519
517
583
515
521
515
570
516
516
584
512
515
583
513
519
512
586
515
518
512
585
512
517
512
522
585
515
511
517
579
515
519
512
522
516
514
581
511
585
516
516
582
520
521
511
513
515
516
513
512
513
516
517
521
516
516
516
518
590
516
512
516
609
514
515
517
515
522
516
516
513
513
517
517
510
516
512
512
508
519
518
515
586
515
512
517
517
580
511
517
515
587
521
511
514
586
516
583
512
517
517
523
516
517
570
515
517
513
517
516
583
517
517
514
517
519
517
516
567
516
515
521
515
515
516
580
516
514
515
517
527
523
515
516
517
515
581
515
516
512
523
515
515
519
515
515
512
584
518
516
516
516
516
516
515
515
516
581
515
515
519
522
521
512
516
516
518
515
521
516
522
513
584
514
514
516
515
516
517
590
520
517
511
583
517
516
516
516
588
519
516
515
585
515
516
516
516
579
517
519
516
580
515
511
514
581
518
512
591
515
521
516
518
582
516
521
516
517
520
580
513
516
542
517
518
578
516
540
513
516
517
584
517
517
582
529
532
600
535
538
524
1643
787
794
674
723
779
789
634
526
525
28771
767
668
523
519
519
519
520
524
521
516
599
519
525
527
523
519
531
1749
672
517
514
522
520
30225
597
720
544
512
515
514
515
513
517
515
521
515
620
633
639
659
532
513
514
516
513
514
513
515
524
513
514
514
515
557
517
514
513
515
515
510
511
513
511
528
511
514
513
510
515
516
519
583
517
519
513
586
513
516
541
514
584
510
585
514
514
514
513
577
509
514
577
510
520
585
514
514
536
519
534
534
514
601
516
586
514
513
1338
690
693
695
744
696
697
703
692
695
699
701
757
701
695
700
700
704
701
696
702
679
695
699
700
699
699
705
699
700
689
700
698
701
697
698
700
756
707
700
695
694
701
698
698
702
690
704
691
698
694
702
698
817
684
705
693
700
696
544
517
517
514
517
512
587
516
584
512
586
515
583
518
515
545
588
515
588
517
515
587
515
522
538
516
533
518
513
514
516
517
513
515
513
514
582
516
515
588
514
576
520
577
514
588
517
515
589
513
577
517
591
517
516
587
515
580
512
515
588
517
519
584
514
544
513
541
518
535
581
522
517
584
536
577
515
588
515
576
523
515
512
511
515
511
511
588
511
542
514
578
513
578
513
519
586
517
586
512
587
513
533
512
539
513
515
510
515
522
517
513
512
517
589
517
586
518
580
519
591
515
515
581
511
541
514
587
547
580
517
512
537
580
542
517
579
531
539
578
511
541
512
532
514
510
510
518
516
513
513
516
534
517
583
513
579
517
586
516
514
533
516
587
515
518
511
513
514
510
515
514
588
514
586
514
542
525
513
517
587
518
516
512
515
516
515
510
511
514
590
515
579
511
584
528
522
511
517
516
515
594
515
517
582
535
514
511
510
511
579
515
516
585
514
595
517
518
581
521
517
536
518
579
519
588
513
538
513
515
534
515
535
512
590
513
518
592
591
515
517
579
514
520
595
517
579
517
519
534
513
543
517
537
516
578
512
516
570
519
588
514
558
523
585
511
583
512
578
512
532
516
565
580
514
518
587
519
583
517
516
582
519
514
583
608
515
516
586
512
590
550
517
586
513
517
588
516
537
519
512
516
512
514
515
579
511
581
512
581
514
523
582
513
518
585
513
589
513
516
579
582
515
520
520
539
512
514
590
514
519
516
584
514
533
515
28179
699
700
693
682
707
689
694
689
694
678
698
701
720
675
698
691
680
695
702
690
709
692
698
698
691
699
697
700
542
519
516
510
513
512
513
541
521
585
514
522
512
514
586
517
523
590
511
577
511
521
577
510
514
536
512
580
514
515
522
511
509
513
511
577
514
513
579
511
518
514
519
584
514
583
514
537
511
519
1684
683
698
686
687
697
726
823
726
542
515
514
511
512
514
585
554
513
514
584
513
577
512
542
517
601
519
590
519
512
568
589
514
532
514
509
518
515
514
509
510
583
516
546
511
549
512
585
509
514
587
586
510
520
589
518
586
509
518
584
514
663
1244
726
709
694
699
703
696
693
702
702
688
697
702
698
697
698
694
704
706
673
704
687
700
701
688
696
750
700
701
699
699
695
702
697
700
693
693
734
707
739
999
714
697
692
699
693
698
691
684
682
718
726
707
698
732
700
730
708
698
741
700
701
702
692
700
697
633
523
514
510
510
514
514
588
516
517
577
525
583
516
516
580
516
516
582
515
517
543
520
518
584
515
521
533
519
579
514
513
517
577
511
517
586
515
578
523
848
695
690
697
683
690
682
545
509
516
509
511
517
578
510
514
559
533
520
525
514
511
514
509
513
513
512
515
509
520
590
513
533
514
536
515
585
515
532
515
586
585
511
580
514
518
844
516
510
515
543
510
583
509
515
589
514
577
511
514
577
514
514
513
586
518
580
511
514
542
515
587
510
514
586
509
590
514
513
586
518
518
588
524
521
537
518
516
509
515
518
510
511
513
545
515
583
517
515
589
516
536
521
525
540
513
540
519
589
515
534
517
584
519
582
517
515
539
517
539
513
520
593
512
534
517
545
521
515
542
519
600
522
517
536
514
590
517
516
533
513
517
522
592
524
536
579
516
517
590
517
520
533
515
586
511
518
516
584
582
515
520
534
514
510
509
515
510
510
513
621
517
586
519
1729
538
524
569
529
3825
2070
536
539
518
514
515
509
511
29714
541
511
510
510
585
524
514
28801
546
579
508
514
510
511
510
29530
698
541
517
518
516
515
516
510
514
515
662
743
768
776
732
815
773
775
983
766
732
774
777
774
764
726
728
730
773
730
723
731
779
846
773
729
769
771
773
731
775
768
772
730
773
775
732
731
824
764
772
768
794
777
776
774
770
763
777
773
672
772
761
760
763
776
773
765
773
758
734
764
773
762
770
762
724
772
763
637
629
728
772
816
730
776
780
732
738
739
732
731
732
730
837
631
764
758
598
674
718
606
583
770
819
580
581
673
675
679
583
823
582
673
680
770
767
597
820
585
811
673
591
818
782
818
672
581
584
821
582
676
583
769
652
777
748
591
720
675
742
757
766
756
761
758
756
821
622
716
655
594
677
679
513
510
522
517
517
517
514
517
518
512
516
482
521
517
515
517
516
519
518
515
516
519
515
517
517
517
516
514
515
516
511
517
525
520
514
521
518
514
515
514
516
525
510
514
585
516
515
516
582
511
517
515
510
594
516
515
514
518
515
514
524
520
516
510
514
583
510
516
510
534
522
511
519
520
515
516
515
515
515
517
595
515
516
514
516
535
519
516
514
528
520
515
515
515
510
515
516
514
514
586
519
510
515
582
511
516
577
511
516
518
517
669
518
517
513
513
514
515
512
523
517
515
515
516
514
583
515
515
515
519
580
511
520
514
585
517
535
515
592
516
517
584
515
517
579
517
516
533
519
579
517
579
520
515
584
516
515
511
593
516
516
515
515
515
517
516
515
520
515
515
515
515
516
514
514
516
514
520
581
514
516
516
576
510
521
516
545
516
514
586
517
515
581
515
514
515
517
519
515
515
511
596
516
516
515
516
518
515
511
515
516
516
583
510
516
593
514
511
512
519
516
510
519
515
514
517
520
511
587
520
515
514
515
535
515
594
515
515
514
586
517
515
512
575
515
520
516
510
519
520
512
519
519
515
515
521
515
514
516
514
515
515
515
514
518
520
511
512
578
514
516
514
515
515
520
517
520
515
518
517
515
519
521
515
524
517
515
516
516
515
517
516
519
515
525
753
753
767
769
757
764
941
764
767
740
771
765
758
771
772
749
771
766
760
770
769
762
784
750
772
768
752
772
769
757
540
511
512
518
519
517
515
511
515
602
525
514
519
517
518
516
518
517
516
531
516
517
514
516
517
516
516
516
514
521
515
514
517
515
510
512
510
511
515
523
514
515
515
515
516
516
516
515
518
519
516
514
515
515
514
519
520
515
518
518
516
515
513
513
515
516
514
518
515
518
516
516
515
515
515
517
515
516
514
512
584
514
516
515
514
516
514
514
516
593
515
516
519
515
516
515
515
680
517
516
514
512
514
512
513
518
516
515
519
515
516
520
515
519
518
521
515
520
514
514
515
512
514
511
516
512
577
520
516
515
517
519
514
514
514
516
625
519
510
511
515
510
516
514
514
512
590
517
512
514
519
515
515
513
511
520
657
535
511
508
515
516
518
520
511
517
518
515
515
539
516
516
520
517
515
517
519
515
511
515
515
515
514
583
516
517
515
511
514
519
516
519
514
546
511
520
584
515
515
580
516
514
579
508
545
521
514
515
516
515
516
516
515
514
515
520
516
673
520
515
517
516
515
516
519
516
516
511
588
515
520
510
516
581
515
517
514
514
519
516
517
515
514
514
516
511
511
511
511
530
516
510
514
529
510
516
515
510
540
516
516
515
512
593
510
587
514
519
516
585
516
516
587
514
512
510
513
516
515
514
520
515
512
519
514
516
515
514
515
514
515
515
589
515
520
515
514
516
515
588
512
514
514
512
511
595
515
510
514
515
515
515
521
514
515
527
515
515
516
514
581
511
519
515
516
584
519
515
514
534
513
519
583
516
515
516
578
513
514
515
522
519
516
514
514
516
513
515
515
515
513
519
514
580
512
516
514
585
514
582
516
519
520
519
535
517
515
515
515
515
515
509
509
507
512
514
516
513
515
512
525
512
515
511
510
520
515
514
512
513
517
513
512
512
521
518
518
515
518
520
515
514
513
517
518
518
515
514
516
538
514
516
511
516
512
515
583
515
515
518
581
517
515
516
583
511
517
533
516
523
520
515
515
520
515
515
520
514
517
519
593
515
518
516
584
514
515
515
521
515
510
515
510
513
510
526
515
516
525
519
515
515
516
516
510
519
515
546
520
515
516
516
581
516
510
586
512
515
524
514
516
514
515
516
515
514
516
519
511
580
515
514
515
516
540
515
514
520
516
519
515
519
516
515
518
520
791
520
515
515
515
519
516
512
515
516
521
516
540
515
516
584
517
511
515
586
515
510
511
512
515
515
510
519
516
711
595
515
516
517
516
520
514
514
520
515
514
513
540
515
580
514
514
574
514
518
511
511
533
525
515
513
518
519
516
516
512
512
514
512
515
513
515
519
514
519
509
511
515
586
515
514
515
580
519
515
578
515
513
516
581
511
514
582
516
512
514
515
515
513
516
514
515
513
523
515
516
514
515
515
516
515
516
807
737
746
752
746
746
754
754
633
722
550
513
519
515
512
516
513
515
519
515
517
515
515
516
515
516
516
522
514
591
514
514
520
519
516
519
515
588
516
516
515
516
510
581
516
515
584
521
514
516
519
514
510
519
516
510
607
519
519
517
515
515
520
515
516
515
517
516
511
515
577
516
515
581
518
514
517
516
510
511
527
514
515
518
515
517
519
515
515
515
514
511
595
515
516
515
519
586
514
513
583
515
579
510
582
520
516
515
516
515
514
526
514
515
515
519
515
515
515
517
515
514
516
514
515
542
515
515
586
516
583
516
511
598
522
515
591
512
521
587
516
512
577
513
524
514
516
514
515
514
592
514
515
553
521
512
512
514
511
520
514
515
515
515
589
511
515
533
515
584
515
514
584
520
515
515
514
515
511
515
514
512
751
516
513
512
516
513
515
517
520
518
519
519
515
511
511
515
515
579
515
510
520
515
535
516
515
579
515
515
510
731
521
519
516
510
515
514
576
516
514
584
519
515
516
583
511
515
579
516
514
519
510
512
529
514
519
514
515
516
487
527
515
510
520
515
514
514
516
587
511
524
514
514
516
514
515
512
578
516
520
514
515
517
535
515
580
516
515
580
515
511
515
514
516
516
514
514
511
634
515
516
515
587
512
663
719
682
518
508
518
513
511
516
511
534
516
588
516
513
515
515
515
515
520
515
515
517
588
516
514
511
593
514
516
514
576
520
514
727
766
757
770
766
767
538
514
805
638
538
515
517
515
515
516
515
515
516
588
516
512
583
514
516
520
511
511
588
515
516
514
510
515
514
520
580
519
515
583
512
515
579
512
520
516
515
510
515
514
583
516
514
510
519
511
515
515
514
514
517
514
510
544
519
516
515
577
510
515
513
580
515
518
510
587
515
516
577
511
517
577
520
521
514
516
515
515
515
515
516
514
515
519
511
590
515
515
516
518
517
520
515
519
515
516
516
511
510
515
580
514
519
515
514
515
515
513
515
515
515
514
519
513
515
513
511
511
589
514
516
529
519
515
515
515
516
514
518
515
515
592
519
514
515
516
514
515
516
510
579
520
514
511
515
515
514
520
514
515
516
519
514
515
519
518
515
515
515
516
511
514
511
591
514
516
514
519
515
514
516
519
514
515
515
515
514
514
511
511
591
514
508
511
514
520
516
514
515
515
520
514
515
697
767
763
758
785
886
763
769
770
757
769
767
761
706
749
768
760
771
765
756
777
763
751
765
769
756
776
769
757
790
749
769
771
757
773
767
756
712
764
766
757
774
766
759
774
765
750
770
768
763
771
769
765
756
528
514
514
514
513
514
509
509
625
519
513
513
514
510
510
512
509
515
515
509
582
514
514
519
514
514
513
578
521
513
514
514
518
514
515
514
514
515
515
513
578
513
513
515
513
513
514
514
519
518
513
513
510
578
513
515
509
524
515
518
514
514
509
511
510
513
514
526
516
516
516
516
520
517
516
515
519
518
515
511
578
513
510
514
513
514
515
520
517
515
515
584
515
516
520
514
518
514
514
517
517
513
514
511
514
514
518
516
585
518
515
583
517
513
515
588
519
583
512
514
583
511
514
583
581
521
522
537
513
687
705
694
703
696
705
684
694
701
733
701
689
698
741
701
698
698
732
701
696
681
748
693
694
695
690
698
700
694
700
693
697
695
702
697
694
703
699
705
688
692
694
700
685
540
511
482
516
510
585
510
514
536
511
585
514
515
587
519
516
586
512
709
703
690
738
699
695
698
700
694
695
701
702
695
694
700
700
694
698
731
743
660
744
729
703
703
694
685
731
707
686
696
692
694
726
707
692
700
682
698
734
699
690
689
694
687
724
701
723
700
693
690
688
724
677
700
690
690
698
686
695
698
704
689
697
675
693
695
688
701
696
690
696
702
695
695
703
699
726
663
695
695
704
697
695
699
695
706
683
694
697
702
732
691
697
691
690
701
693
698
697
700
701
671
740
764
739
799
770
779
732
794
782
720
769
776
734
776
781
735
729
776
771
773
783
782
783
722
777
783
783
773
772
735
770
775
719
789
779
775
770
780
734
780
786
774
776
775
776
733
741
777
772
775
776
772
728
781
777
778
774
781
724
725
765
781
769
772
773
781
801
743
771
773
795
730
780
777
776
772
772
762
770
771
774
777
779
764
773
778
556
754
763
773
773
779
780
780
785
727
769
776
784
773
778
926
730
720
767
775
776
767
777
774
745
763
775
731
783
726
771
729
723
727
773
776
779
772
725
772
682
672
676
562
657
664
670
726
665
666
656
687
676
674
672
715
667
674
667
560
705
561
661
665
561
661
662
707
563
665
665
651
667
558
669
669
695
677
666
715
665
557
703
683
670
667
664
557
563
565
666
666
658
668
686
574
680
561
702
560
711
662
713
671
663
715
661
562
682
667
661
703
562
648
655
664
673
558
665
558
559
661
681
556
668
700
677
671
560
673
720
791
673
697
694
536
516
516
511
511
520
518
582
514
515
578
514
512
588
514
524
581
515
513
584
515
514
578
510
545
525
519
537
522
585
516
517
516
579
516
515
510
509
515
515
533
515
515
585
515
517
515
533
517
583
517
515
583
518
2327
793
534
510
517
509
515
520
515
580
513
514
587
512
2580
727
791
701
697
699
694
697
721
549
513
721
743
514
509
518
515
511
514
516
582
514
516
583
512
3139
662
693
695
549
513
515
514
511
515
589
702
516
514
723
734
516
513
516
511
515
515
582
525
514
584
583
567
719
786
732
714
691
697
697
699
698
700
707
691
2138
1066
678
705
689
691
635
519
510
511
512
511
579
510
582
512
522
573
514
516
534
517
591
511
588
521
518
587
585
514
513
581
512
579
510
590
511
581
511
513
509
513
510
514
510
521
521
521
517
595
512
517
579
521
513
515
512
514
536
511
515
583
514
778
757
724
759
742
777
772
735
737
739
771
775
730
761
745
771
769
756
767
766
768
758
778
684
713
733
784
804
736
773
769
776
782
776
743
731
758
771
770
791
720
777
730
756
773
733
780
769
775
773
781
769
763
771
768
764
770
768
769
776
787
769
786
778
768
767
769
775
767
767
792
776
774
774
771
781
749
782
765
784
771
782
771
781
764
773
784
784
774
776
766
2504
852
776
779
770
777
778
765
768
789
781
769
784
764
770
775
766
796
765
775
766
765
774
1040
723
781
779
767
776
770
763
774
809
717
759
768
758
770
774
2014
831
709
770
756
747
752
750
655
616
623
677
665
654
644
659
542
909
755
758
767
774
762
764
773
555
506
516
516
515
510
511
574
512
511
569
619
509
516
515
525
536
513
528
514
511
511
516
512
511
541
511
573
636
516
514
510
514
575
510
511
579
511
512
514
509
509
507
513
516
514
544
539
525
511
514
592
511
512
578
511
575
510
515
512
510
510
513
603
511
512
511
583
516
510
535
512
573
510
574
511
510
584
511
572
510
575
511
510
529
512
574
512
516
512
516
517
510
520
513
586
512
515
539
537
511
575
511
512
577
511
573
510
537
510
572
511
574
511
512
574
515
535
510
576
511
575
512
511
581
517
578
510
510
577
511
577
511
531
512
580
510
574
511
511
578
511
590
509
556
510
574
512
510
574
511
510
575
511
515
511
589
510
511
526
511
510
512
528
515
511
511
511
530
510
511
512
510
511
591
511
511
511
511
510
588
512
511
590
511
512
512
511
577
512
511
510
512
582
511
511
509
510
525
511
510
511
525
515
512
511
510
588
511
511
586
510
511
515
511
511
588
511
510
588
510
511
516
510
526
512
511
510
512
589
511
513
591
511
512
512
511
510
507
511
516
511
538
511
510
577
512
576
511
577
511
515
575
510
511
576
510
582
512
511
699
522
517
516
515
514
515
512
511
510
511
590
510
512
510
529
511
511
510
510
591
510
512
511
588
511
511
589
524
517
584
513
511
577
512
575
510
575
510
511
578
510
575
511
512
580
513
574
511
582
511
511
578
511
576
512
532
511
584
514
575
511
575
510
511
581
510
581
518
511
513
592
511
512
586
511
512
586
516
511
511
577
511
581
510
573
510
576
515
511
538
511
574
510
512
577
511
531
511
510
511
510
509
510
510
509
515
520
510
511
575
510
512
576
510
535
512
516
510
510
527
510
510
511
511
578
511
514
511
584
511
511
510
510
527
510
515
511
512
525
511
510
510
512
527
510
516
512
511
511
510
581
513
511
511
528
515
511
512
509
508
509
513
515
514
515
522
514
516
515
515
515
515
515
510
588
516
518
515
516
514
511
510
511
511
517
512
527
512
511
511
513
586
511
544
515
512
510
511
540
511
511
510
588
510
513
511
512
526
510
510
527
511
511
581
511
511
510
512
530
511
516
535
513
577
511
512
533
511
574
510
575
509
576
514
511
575
510
576
511
510
578
510
582
511
574
511
511
577
511
577
512
609
515
510
574
511
574
511
575
511
511
540
517
510
576
576
511
575
510
573
512
578
511
573
511
574
510
511
577
510
577
515
536
510
510
539
512
575
510
574
516
512
515
514
510
512
574
530
512
571
516
511
575
512
511
577
511
579
511
525
516
511
585
511
511
512
584
511
511
581
511
574
511
512
541
511
533
512
532
515
584
512
512
578
510
586
510
574
523
509
515
515
512
516
515
515
514
511
515
511
513
510
581
510
510
584
510
579
519
510
512
510
511
525
511
511
510
588
516
510
511
510
527
510
510
512
541
515
511
511
542
510
511
585
511
511
526
516
512
527
511
511
588
510
510
515
507
512
520
537
518
514
516
510
511
578
519
516
515
512
510
574
511
583
516
535
516
511
536
512
577
511
510
576
510
514
548
511
572
511
576
511
574
513
574
515
511
580
510
577
512
577
510
574
544
515
574
512
535
511
572
512
572
511
510
516
514
510
508
515
510
516
510
512
517
512
510
511
578
512
511
588
512
585
515
511
511
508
508
509
514
515
516
510
520
516
516
511
511
511
511
578
511
511
528
512
512
512
526
511
511
511
524
517
511
511
589
511
585
511
511
589
511
516
512
529
511
512
522
511
511
586
511
516
511
526
511
511
511
523
512
511
517
511
525
511
511
511
527
511
511
515
593
511
511
511
597
512
510
511
527
512
515
512
511
527
511
511
512
511
508
510
512
516
516
515
516
511
510
512
511
541
515
27778
697
638
655
652
598
658
649
685
649
632
612
620
645
637
614
564
510
516
518
510
511
510
576
510
511
574
514
545
507
509
514
516
511
510
511
585
554
548
