93
18
17
16
15
15
32
16
17
20
16
20
15
16
15
15
16
16
17
19
16
19
19
16
15
15
15
16
24
15
17
15
16
15
21
20
20
21
20
22
21
21
21
21
18
16
16
15
21
15
16
15
16
15
29
20
21
16
15
15
15
14
15
15
16
15
21
16
220
22
19
18
17
22
16
15
16
15
17
15
15
15
16
17
15
15
19
84
136
141
37
126
142
138
80
15
18
15
16
14
14
15
14
21
18
14
14
15
19
15
15
15
14
89
14
15
15
14
15
86
20
18
15
85
14
18
18
15
16
14
14
15
17
17
15
16
16
23
21
19
18
18
19
21
22
18
17
18
20
18
17
18
19
18
24
22
20
20
25
18
19
21
23
19
18
21
21
18
19
21
24
19
20
21
26
19
97
19
20
19
25
19
18
21
20
15
16
17
20
20
22
23
16
18
15
24
20
15
22
16
14
15
15
15
18
16
14
14
25
20
14
15
14
18
18
15
14
15
15
18
14
14
15
18
16
14
15
14
16
14
15
15
15
19
14
14
81
18
19
15
15
18
19
15
14
15
14
216
15
19
18
17
15
16
14
15
15
16
18
19
15
16
14
16
14
21
15
20
14
16
14
19
19
14
14
84
16
19
21
18
16
15
19
14
16
14
15
16
15
14
19
18
15
18
15
14
17
15
14
18
14
14
15
14
14
20
18
18
15
15
15
19
14
14
16
15
15
33
103
15
15
15
14
15
15
18
116
29
32
15
118
151
139
139
98
135
117
113
140
142
98
146
97
136
143
139
143
132
132
87
142
142
138
129
132
99
137
122
130
146
132
142
131
133
140
107
122
121
140
131
134
129
122
108
122
141
133
127
128
114
130
129
129
128
129
118
125
124
153
125
125
144
130
131
133
137
127
135
134
137
131
138
139
136
163
124
128
129
132
126
125
125
122
23
110
103
109
48
48
47
49
48
21
47
48
20
109
46
48
47
47
48
48
23
47
48
104
63
47
63
48
47
47
23
71
47
47
47
49
48
47
22
108
60
46
106
61
20
15
47
46
46
46
47
46
46
47
102
59
47
102
60
46
108
46
70
70
46
70
46
46
47
46
99
46
47
46
46
14
47
47
46
69
46
47
70
47
22
103
102
62
47
46
101
46
146
50
49
71
70
69
47
22
103
58
46
46
47
15
21
46
108
105
46
104
47
108
20
47
46
46
46
69
70
47
20
102
21
47
46
102
20
109
106
104
108
100
102
59
46
70
46
70
47
70
47
46
48
47
47
46
46
46
46
70
20
106
46
47
109
102
46
102
47
46
47
70
70
47
47
47
46
47
70
47
46
46
47
47
46
47
47
46
46
46
20
46
48
69
47
47
46
47
17
15
15
14
17
15
18
14
22
20
15
15
15
15
15
16
15
19
14
18
15
21
16
15
16
19
15
14
15
15
19
14
18
15
19
15
14
14
21
15
14
15
15
15
15
22
18
23
15
16
14
15
18
14
15
14
15
21
23
15
21
20
23
15
14
16
15
14
21
14
15
15
16
15
15
14
15
22
15
15
15
14
15
16
15
15
18
14
18
14
15
15
15
18
22
18
22
19
18
18
15
22
14
18
19
15
15
19
16
16
20
16
15
16
16
15
15
23
22
22
23
23
18
22
16
16
15
16
15
16
17
16
18
16
18
16
20
16
19
16
19
15
23
19
22
16
16
25976
24
15
19
17
15
16
15
14
14
15
16
19
16
22
15
16
21
18
18
18
19
15
15
18
19
15
16
23
15
18
15
23
19
19
14
15
14
15
15
14
14
17
14
16
20
18
15
14
17
15
15
19
18
19
19
14
14
16
15
15
15
20
15
15
14
19
15
19
15
19
18
15
15
18
22
16
15
16
15
14
15
15
16
14
18
20
18
19
20
14
16
16
14
15
17
15
19
25897
23
17
14
19
15
19
16
14
19
14
23
25
18
14
19
18
15
14
19
18
16
18
15
16
18
15
16
16
15
17
22
16
15
18
19
17
18
17
14
16
15
16
15
19
15
21
16
15
15
16
17
15
16
22
15
17
15
15
16
14
16
15
15
15
15
19
22
22
15
18
19
19
15
14
16
14
15
19
14
18
14
14
15
18
16
17
14
18
14
15
15
14
22
22
19
14
18
15
21
21
22
18
22
18
18
15
22
14
22
18
15
14
15
25909
20
19
15
15
16
15
19
15
16
14
15
15
14
20
28
26
15
15
24
24
73
70
33
60
66
82
92
101
21
25
19
16
19
15
16
15
19
17
15
16
16
19
16
15
15
15
15
15
15
15
20
14
15
15
16
15
19
15
15
14
16
20
15
16
15
16
15
15
19
15
16
15
17
18
16
15
16
16
16
15
20
16
16
16
19
19
16
19
15
16
16
15
16
21
15
18
20
17
15
15
16
16
14
16
15
19
21
19
20
16
16
15
20
16
15
18
15
20
23
21
15
15
15
15
16
16
16
20
15
16
19
23
24
23
15
17
15
16
26705
25
24
19
16
15
15
16
15
20
17
16
14
19
18
24
15
15
16
14
20
15
15
14
15
15
15
21
39
15
15
20
17
19
20
24
16
15
16
16
15
15
16
16
16
15
15
17
19
16
17
20
16
17
17
17
21
17
16
17
16
19
24
16
16
16
16
16
20
21
16
17
16
26622
25
19
15
16
15
19
16
20
15
16
15
15
16
22
19
15
15
19
19
16
16
22
16
15
16
18
19
16
15
19
15
16
15
19
14
14
20
19
15
15
19
20
19
26
20
16
15
15
15
15
19
16
16
15
16
21
15
20
15
15
15
26432
21
15
49
20
15
86
16
15
19
15
83
14
15
14
16
15
78
18
21
15
16
116
107
108
97
85
60
16
26
15
88
15
16
15
15
16
14
17
15
16
14
15
48
14
15
15
16
15
15
15
15
115
88
103
99
99
110
394
92
111
104
96
37
15
19
19
15
19
14
19
15
15
15
15
15
19
14
15
15
42
52
15
15
26836
106
110
101
56
15
16
16
14
14
19
15
15
15
16
15
15
15
19
15
19
16
15
16
17
20
19
15
15
115
106
99
108
111
126
17
14
87
48
18
16
14
17
14
18
15
83
14
15
14
14
14
17
85
17
16
16
22
15
21
20
116
84
82
82
87
82
67
81
81
83
147
341
147
81
93
154
94
147
92
149
85
141
154
90
130
121
72
106
94
128
96
89
108
92
94
105
96
41
20
18
70
74
86
154
117
111
111
109
138
103
146
91
157
94
155
95
335
379
137
97
98
134
99
145
99
140
135
147
99
146
145
151
149
49
111
135
140
149
149
143
156
99
112
123
135
116
142
144
114
107
151
142
114
139
147
140
170
143
119
102
178
158
153
144
141
139
101
160
144
141
165
144
107
150
110
136
117
114
144
109
111
142
123
172
134
113
124
135
108
102
99
108
110
113
112
108
108
98
130
124
123
116
98
122
108
132
134
113
140
99
126
142
133
130
118
119
124
147
142
121
115
126
129
128
125
141
141
153
124
144
130
112
138
127
131
112
117
134
148
140
134
142
128
147
108
118
121
123
119
123
124
149
121
136
132
133
135
136
135
149
111
137
131
129
126
130
133
146
108
116
120
127
136
131
131
16
15
15
18
17
21
15
14
20
15
15
16
15
16
16
15
15
15
18
14
19
15
15
19
15
16
16
15
15
18
17
14
16
15
16
15
16
14
16
15
16
15
18
19
15
14
16
15
15
16
15
16
16
15
19
19
15
19
16
15
43
17
15
15
15
16
15
21
17
15
16
16
15
14
16
16
14
16
14
14
16
14
15
16
16
15
16
37
15
16
14
15
15
79
14
15
15
15
15
15
14
17
16
15
15
15
15
16
15
16
15
16
15
16
53
16
15
15
15
37
15
16
15
16
14
16
14
16
15
16
15
17
15
15
15
15
14
15
15
16
80
17
15
16
15
15
15
15
16
17
16
15
15
16
19
17
17
15
46
16
14
78
15
15
15
15
14
15
16
15
15
16
15
15
15
15
116
131
41
15
15
15
15
16
15
14
15
16
69
16
83
15
15
15
16
16
15
17
16
14
15
14
14
16
14
15
15
17
14
14
15
15
14
15
15
46
17
16
78
15
16
16
16
17
14
16
17
15
15
79
15
15
16
15
16
18
15
15
15
16
15
15
15
41
15
77
14
15
14
16
89
15
16
14
16
16
88
15
16
15
14
17
15
14
15
15
78
15
14
78
15
15
15
79
16
15
16
15
77
15
15
138
18
16
15
16
17
15
15
15
15
15
19
16
15
16
15
16
16
16
15
16
15
80
15
16
15
14
14
14
16
15
32
16
15
16
79
15
14
16
15
14
17
15
15
16
36
15
114
104
141
16
16
15
15
17
16
16
15
68
18
69
81
17
15
15
14
15
29162
48
45
15
17
21
16
15
16
29141
53
84
15
14
18
14
15
16
15
118
18
15
14
15
15
15
15
16
117
17
15
14
16
31
14
16
14
15
14
15
14
15
15
15
17
18
15
80
14
14
15
14
15
15
18
15
15
82
15
115
47
15
47
14
15
15
14
14
15
15
14
15
15
22
17
21
15
17
15
16
15
17
15
15
16
14
115
43
15
15
14
15
16
14
16
14
15
49
15
15
15
15
15
81
14
14
15
15
14
14
14
16
15
15
15
14
15
14
15
17
14
15
14
78
15
15
36
15
15
16
77
16
14
15
15
14
14
15
14
16
16
15
14
15
15
15
16
78
15
15
18
15
15
16
14
15
15
16
14
15
16
15
32
17
15
15
15
16
15
16
16
16
14
15
14
16
14
17
88
16
15
16
15
16
16
16
15
15
14
16
15
32
14
16
90
15
15
16
15
15
14
16
15
15
15
16
15
16
128
16
15
16
15
15
15
15
15
15
16
15
79
16
78
16
78
15
15
16
15
16
15
16
14
16
15
15
15
17
14
80
14
80
15
19
24
91
18
30
24
22
18
37
14
15
15
15
16
15
14
15
15
14
14
15
15
14
15
14
16
15
15
14
15
16
14
14
81
14
15
15
15
15
14
16
15
14
79
15
15
14
15
16
14
16
15
14
16
15
15
15
15
15
15
14
15
15
15
15
14
15
14
15
15
14
15
15
15
14
78
15
79
15
14
15
16
15
15
15
15
15
14
15
79
15
15
15
15
14
79
16
15
78
16
14
15
14
14
14
15
16
15
15
15
15
16
15
15
15
80
15
15
14
15
14
16
16
15
15
15
15
15
79
14
15
16
15
15
15
14
16
14
15
15
15
16
15
15
15
78
16
14
14
14
79
16
15
15
15
15
16
15
15
15
14
16
15
14
15
15
16
15
78
14
78
15
15
15
15
15
16
15
14
15
17
16
14
15
15
14
17
14
14
15
17
17
21
21
25
16
17
15
16
16
15
16
16
15
15
14
17
14
15
15
16
15
14
78
15
79
15
79
15
78
15
16
15
14
15
14
80
14
16
15
16
15
78
15
79
15
79
15
16
14
78
15
82
15
14
14
16
15
15
15
80
15
14
14
15
15
16
15
15
14
15
15
15
15
15
14
15
15
14
15
15
16
14
15
15
14
16
14
15
15
14
15
15
14
14
15
15
15
15
14
15
15
15
15
15
15
16
15
15
15
15
16
15
14
15
15
16
14
15
14
15
15
15
15
14
15
16
14
15
15
80
16
14
15
15
16
15
15
16
14
15
14
15
15
15
16
15
14
30
15
15
15
16
15
14
15
15
14
15
15
15
14
14
15
15
15
80
15
15
15
15
15
15
15
16
15
14
14
15
15
90
15
15
15
16
15
15
15
91
15
14
15
14
14
15
16
15
14
15
43
19
15
16
16
15
15
83
15
14
14
16
14
14
15
15
91
15
16
15
20
15
15
15
15
15
15
80
15
79
14
78
15
79
16
14
15
15
15
14
15
15
14
18
14
14
14
15
15
14
14
15
15
15
14
15
15
15
15
14
15
15
79
15
79
15
77
14
14
16
15
77
17
15
16
15
17
90
16
15
81
14
15
16
14
16
14
15
15
15
16
15
17
15
15
15
15
16
16
15
16
14
15
14
17
15
15
14
16
15
15
16
14
32
14
14
14
14
17
14
81
15
15
15
15
16
15
16
14
16
15
15
15
16
14
15
15
14
15
16
15
14
15
15
15
15
16
15
90
15
15
15
14
16
14
15
14
15
16
14
16
16
15
15
16
14
15
16
14
14
15
14
14
16
14
14
15
14
14
16
14
15
15
14
14
16
15
16
16
14
14
22
16
15
16
16
16
15
15
16
15
16
15
15
15
16
14
15
15
16
15
15
15
16
15
15
15
16
15
15
15
15
16
14
15
15
78
15
78
14
15
15
15
79
15
15
15
15
117
16
16
15
14
15
15
14
14
15
14
16
15
15
80
15
16
15
14
15
15
14
14
14
15
15
15
14
15
14
14
14
14
16
14
15
15
15
15
15
17
15
15
14
14
15
16
14
15
15
15
14
15
15
15
15
15
14
14
14
14
14
14
15
14
15
16
15
14
15
15
14
14
14
15
14
15
15
15
15
15
14
14
16
14
14
14
79
15
15
14
33
15
14
15
14
15
14
15
14
14
16
14
79
14
14
17
15
16
15
15
16
16
15
14
14
15
15
14
15
15
15
14
16
16
15
14
14
15
83
16
15
15
15
78
14
15
29
16
15
20
19
20
20
19
20
15
15
78
79
81
38
79
78
77
79
78
79
77
79
78
77
78
15
15
17
80
78
77
77
15
14
15
79
78
78
78
79
78
80
77
79
78
78
79
77
78
77
78
77
77
79
78
42
78
36
78
83
79
36
91
38
87
18
14
14
15
14
92
15
14
14
16
15
14
15
14
78
14
15
15
113
83
156
139
137
152
142
154
86
154
144
143
141
57
15
15
15
16
15
14
14
82
16
14
15
15
15
93
15
15
20
19
18
15
14
14
15
14
14
14
79
15
14
16
14
16
15
15
15
16
81
78
78
14
17
15
18
16
14
16
15
16
14
15
15
15
15
15
14
15
27274
105
96
154
93
118
140
53
153
147
98
81
110
135
149
15
16
14
17
47
16
15
15
15
15
77
14
30
15
15
16
14
16
15
15
14
15
15
15
16
14
15
16
14
16
16
15
15
16
16
15
16
15
15
15
15
16
17
16
16
16
15
15
16
15
15
15
16
15
15
16
16
15
15
79
16
16
16
15
15
15
16
16
15
16
16
17
16
16
15
15
16
15
16
15
38
19
15
15
15
15
16
15
15
79
15
80
15
15
15
15
112
205
80
91
89
43
141
76
156
91
82
137
84
83
85
108
126
141
137
92
49
15
15
15
15
15
15
14
14
81
15
15
14
87
15
92
16
15
15
15
14
89
16
14
15
14
16
15
14
15
18
15
16
16
18
18
15
15
15
84
15
78
15
15
15
15
79
14
86
15
14
126
18
15
15
14
15
84
16
14
15
16
16
15
15
15
16
15
14
86
15
15
15
78
16
82
15
15
16
15
15
15
15
15
15
15
83
14
82
14
16
15
14
14
14
15
14
15
15
15
15
14
35
36
15
35
15
15
15
17
15
16
15
36
37
37
15
38
14
94
15
15
15
37
14
15
16
15
36
36
37
15
16
36
15
36
16
15
14
15
14
36
15
15
15
15
15
38
15
36
34
16
15
14
15
15
15
15
36
37
38
36
38
15
15
34
17
14
16
15
15
15
36
16
15
15
16
15
37
14
16
14
17
16
15
17
15
19
15
15
15
36
35
35
17
34
14
16
15
36
16
15
15
38
36
14
16
36
16
35
34
15
15
15
16
18
15
36
37
15
15
16
16
15
16
15
15
16
16
16
15
15
15
16
15
15
38
37
15
15
15
15
35
97
37
16
35
15
37
15
16
16
36
35
37
37
37
17
34
36
38
33
15
16
16
94
38
15
35
16
15
17
16
14
15
36
14
15
17
15
36
95
15
14
38
16
15
36
36
15
32
36
15
37
15
15
16
15
36
16
15
15
16
15
36
16
16
15
16
15
15
16
36
16
36
95
15
16
15
15
17
15
15
16
14
15
16
16
15
16
36
34
18
17
17
16
15
15
98
15
36
17
35
15
16
35
37
16
16
15
37
15
16
38
15
37
37
15
15
16
15
15
16
15
15
16
42
20
19
15
35
16
18
17
16
15
15
16
15
15
17
15
15
38
15
15
36
16
15
16
37
38
16
15
15
16
15
15
37
15
15
18
16
15
17
15
15
16
16
15
16
38
15
16
15
15
16
15
15
17
15
15
16
15
15
16
16
15
17
32
34
36
37
16
16
37
15
16
37
36
39
35
37
16
14
36
15
16
15
37
15
15
17
15
16
15
15
15
17
15
15
16
15
14
98
17
15
38
37
15
15
15
16
20
15
15
15
15
15
37
31
15
37
15
15
16
16
15
38
15
16
48
14
37
37
14
14
15
36
15
17
98
15
36
15
15
16
16
15
35
14
15
16
15
15
35
36
15
99
14
15
37
15
15
37
16
37
38
15
15
37
35
36
16
15
15
35
16
15
17
14
14
16
15
15
36
34
15
16
15
15
16
36
37
16
15
15
34
14
15
36
14
34
17
101
15
16
16
36
16
15
15
16
15
16
37
37
36
16
16
15
38
35
34
15
15
14
36
36
36
16
37
15
15
16
16
37
38
37
36
15
36
21
15
15
35
15
15
15
16
15
16
37
17
16
15
15
17
36
15
16
37
16
16
16
14
37
15
15
16
34
38
16
15
14
40
14
15
38
15
34
20
16
35
35
16
15
38
15
35
38
15
16
15
97
15
37
14
34
17
15
15
14
15
16
15
16
15
16
37
16
15
34
36
16
37
16
15
16
15
17
36
16
15
16
15
16
16
15
16
15
16
15
16
35
36
15
16
15
15
15
35
15
16
37
16
15
37
16
15
14
16
15
16
36
16
15
16
15
15
14
16
15
16
15
16
32
16
15
16
15
16
15
15
36
15
16
37
37
37
15
37
15
38
36
17
15
16
15
16
36
16
15
19
15
39
15
37
15
37
15
16
15
16
15
37
15
16
15
16
16
98
15
15
35
15
36
14
15
15
16
37
16
15
16
15
36
14
36
14
15
15
16
15
17
15
16
36
15
15
15
15
37
15
36
15
38
36
38
35
16
15
46
37
16
15
15
36
17
16
15
15
17
35
37
15
16
15
16
36
37
36
17
15
16
15
16
36
16
15
39
15
16
15
37
36
36
16
16
15
17
15
16
15
16
15
37
15
17
16
15
35
37
15
98
15
37
36
14
15
15
15
15
35
15
15
36
16
94
15
15
15
98
15
15
35
16
15
15
15
16
97
16
37
19
15
37
15
16
15
15
36
37
16
16
15
16
15
98
36
37
36
15
16
14
36
88
16
15
16
14
38
15
16
15
16
15
15
15
15
15
16
37
20
15
16
14
15
45
15
15
35
17
15
15
15
34
15
98
15
37
15
93
15
15
15
36
15
15
16
14
15
15
36
16
16
15
35
15
38
37
35
36
36
15
17
15
32
15
16
15
16
15
16
15
16
15
16
15
36
34
15
15
37
15
16
36
16
15
15
15
15
34
38
34
15
15
15
15
15
15
14
15
37
16
14
16
15
16
36
37
15
16
35
16
15
16
36
16
14
38
15
98
15
15
15
32
36
34
17
15
15
15
15
14
33
37
37
14
16
15
16
34
35
15
36
15
16
46
37
15
17
37
16
15
16
36
16
15
16
15
15
15
17
15
16
15
49
15
38
15
16
15
36
15
35
15
15
37
16
14
37
14
37
15
15
36
16
47
16
15
16
15
38
15
15
16
16
35
36
37
16
15
33
15
38
15
15
14
38
14
16
36
17
14
17
15
16
14
15
15
36
16
17
16
16
15
16
36
16
15
16
14
16
15
15
14
16
36
15
15
97
15
16
15
16
15
16
15
17
15
37
34
38
15
38
15
36
15
16
15
17
15
16
36
35
37
37
15
17
15
16
36
18
15
15
37
17
14
16
15
17
14
34
35
38
15
16
15
38
35
98
14
17
34
37
15
37
15
16
15
17
15
16
34
38
15
16
15
38
35
16
14
17
15
38
15
16
15
16
14
17
15
36
36
38
36
16
36
17
15
16
15
16
15
16
35
16
15
17
15
17
15
16
36
39
15
38
16
17
36
37
36
16
15
16
14
38
15
16
35
17
15
16
15
17
37
37
15
17
34
16
15
37
34
16
14
17
15
36
15
17
37
15
15
17
15
16
31
16
35
15
37
17
15
37
15
17
34
36
15
17
15
16
14
17
17
41
16
16
16
16
15
18
102
16
15
33
15
16
15
37
14
16
16
16
15
36
36
16
15
16
15
16
15
16
34
15
14
15
15
16
15
148
15
16
15
16
15
36
15
38
36
16
15
16
16
15
15
35
15
37
15
15
15
15
14
37
15
15
15
15
36
15
16
16
15
16
16
15
35
15
16
14
15
15
35
15
16
15
16
15
16
14
16
15
36
16
14
16
15
15
14
36
14
15
15
15
34
15
97
14
36
15
36
15
15
35
37
34
16
15
37
79
16
15
15
14
16
15
16
15
16
32
35
15
52
37
16
15
37
36
36
15
15
35
15
16
16
38
18
37
15
16
36
16
15
36
15
16
34
16
15
16
36
16
35
38
15
38
15
36
15
16
36
16
14
15
15
15
15
15
16
15
37
15
16
15
16
15
16
15
16
15
15
33
17
15
36
96
16
36
16
35
17
95
16
15
16
15
16
15
16
16
16
15
15
36
16
15
16
15
16
36
16
15
16
15
37
15
16
15
16
15
17
36
16
14
16
15
15
15
16
15
15
15
35
14
16
34
15
15
15
15
15
15
15
15
15
15
15
19
36
16
15
16
16
16
15
16
15
16
35
16
15
15
15
16
14
37
34
16
15
37
36
37
14
16
15
35
15
16
15
16
15
16
15
16
36
16
32
16
15
16
15
16
37
39
15
16
15
16
15
35
37
38
37
36
34
37
15
35
15
15
15
97
15
15
16
36
15
15
16
15
16
15
16
15
16
15
16
15
16
15
16
15
16
15
37
15
16
15
16
15
16
36
16
15
16
15
16
51
34
15
16
16
35
15
38
15
16
15
16
15
36
15
15
15
35
37
36
36
15
15
15
34
15
35
15
15
97
16
36
16
34
16
40
16
15
15
15
16
14
16
14
30
15
16
15
15
15
14
19
16
15
91
15
16
16
15
14
19
15
15
15
41908
18
20
19
14
15
19
19
19
16
14
14
18
14
14
83
17
20
19
93
16
15
19
16
18
20
20
20
15
17
15
83
15
19
21
20
17
16
15
42
20
15
19
15
15
16
15
14
41
19
16
18
16
15
84
14
15
18
86
91
148
50
16
15
18
117
53
16
15
14
15
14
81
16
15
15
14
89
36
30
83
42
15
20
15
15
15
15
15
15
21
17
18
15
16
15
16
16
15
14
15
15
16
30
19
16
18
16
28584
167
90
167
133
166
109
89
111
109
107
157
132
152
104
134
117
107
116
118
88
87
107
109
108
105
116
86
81
83
80
81
81
171
84
82
80
81
123
80
81
80
81
81
123
82
80
80
81
99
121
78
82
78
121
120
171
81
80
81
119
80
80
78
176
39
80
173
119
91
80
121
124
122
172
123
80
158
81
81
122
122
123
81
80
126
22
24
23
168
22
115
116
114
119
64
117
118
118
22
22
117
23
117
22
22
23
61
23
168
176
22
22
103
23
169
156
25
24
168
22
169
22
23
115
117
117
22
60
23
168
120
25
23
169
23
116
168
116
168
22
115
22
198
23
120
120
23
24
169
23
22
168
23
22
112
117
116
116
22
22
115
23
23
170
24
23
23
169
22
23
159
23
22
22
251
23
23
120
73
23
23
23
22
22
23
23
22
22
23
109
22
24
23
23
22
23
22
23
22
22
15
23
23
23
22
16
24
24
22
22
22
23
22
23
23
22
23
23
22
22
23
99
17
15
15
16
15
14
16
15
19
16
15
14
16
15
14
19
15
15
16
15
18
15
87
16
19
15
15
17
19
15
15
15
16
15
15
19
16
16
15
15
35
15
16
15
15
15
15
21
19
14
15
18
15
15
15
15
15
18
15
15
15
19
19
16
82
15
20
15
36
17
16
83
16
14
15
16
15
15
84
15
15
15
83
15
20
15
14
83
19
15
15
15
15
18
15
16
19
14
16
15
19
16
19
15
19
15
15
15
19
16
15
15
16
15
15
15
15
16
15
15
16
15
15
19
15
15
14
16
15
20
19
19
16
15
14
15
14
16
16
14
14
19
16
15
15
15
15
20
15
16
15
19
15
85
16
14
16
83
15
15
15
20
15
15
15
16
16
15
15
15
15
19
15
14
16
14
16
19
18
19
15
15
15
16
15
15
16
15
15
15
14
20
15
18
14
15
19
18
15
15
15
16
19
15
18
19
15
15
16
15
16
15
15
16
15
15
15
18
15
16
15
15
15
20
20
14
15
19
21
15
15
15
14
16
15
14
15
16
15
15
14
15
18
20
15
15
16
14
20
15
16
15
15
14
14
16
15
19
15
16
20
18
19
15
14
15
15
15
16
14
15
14
20
19
15
15
15
20
15
19
15
15
16
15
15
19
20
15
15
16
14
19
15
15
16
19
17
17
25
18
20
21
17
131
120
146
124
95
137
140
106
19
17
28139
137
132
22
21
16
16
17
17
17
17
16
17
21
24
20
17
21
17
84
18
15
17
18
29574
19
86
45
16
16
15
16
15
18
20
16
15
94
99
97
88
35
15
16
15
15
16
15
15
21
15
15
18
19
15
16
16
15
18
14
15
16
15
15
20
15
19
15
15
16
14
20
15
15
15
15
15
15
21
14
15
83
14
20
15
14
16
15
15
14
15
15
15
16
15
15
16
15
20
34
15
15
15
14
15
16
15
14
87
94
96
102
98
98
103
94
97
102
104
156
103
98
102
103
105
102
98
105
77
97
102
102
102
102
103
102
98
91
102
99
102
100
100
102
160
108
101
98
97
101
102
102
102
89
105
93
101
97
103
98
97
85
105
95
97
95
41
19
15
15
15
15
15
15
16
15
17
15
15
17
15
36
84
15
84
19
15
83
19
16
15
19
15
20
17
15
20
14
15
16
14
15
15
15
16
87
16
15
19
15
15
17
18
15
87
19
16
18
17
16
19
84
20
15
15
15
84
18
20
82
19
17
19
15
19
16
20
15
16
83
16
16
19
86
19
15
17
15
15
16
14
15
15
15
15
15
16
15
17
14
16
19
19
16
20
15
15
17
15
15
15
15
15
15
15
16
15
16
15
16
15
16
15
17
15
17
21
16
15
16
15
16
14
85
44
16
15
16
35
81
14
16
15
16
34
15
15
21
15
16
19
15
15
16
15
16
14
19
15
19
18
16
15
16
14
16
15
16
19
21
19
20
15
16
14
15
16
19
87
16
88
19
15
19
15
16
87
19
16
15
14
19
15
15
16
19
87
19
16
15
15
25
15
15
16
15
15
91
17
15
14
30
19
15
14
16
15
15
20
83
14
85
15
19
16
18
19
16
19
14
20
15
15
16
14
15
16
19
14
15
16
15
20
87
14
16
15
15
15
19
87
20
15
15
19
15
15
17
19
15
16
15
15
16
36
19
85
15
16
18
16
14
19
15
15
15
15
19
16
16
15
16
83
18
16
15
14
16
15
19
83
40
14
20
15
15
23
15
15
16
14
18
84
14
15
20
15
15
15
14
19
16
16
15
17
16
15
16
16
16
17
16
15
17
15
15
40
15
15
21
21
16
15
14
89
20
19
17
82
15
16
19
15
116
98
95
82
102
89
95
90
96
79
98
103
114
78
100
92
78
97
103
96
109
89
102
103
93
101
100
103
41
15
16
15
14
15
18
16
19
19
14
16
16
15
84
18
14
87
15
16
15
16
15
15
15
15
14
14
15
19
19
15
14
14
15
14
14
14
14
15
15
15
15
82
16
82
15
14
15
19
40
80
100
88
89
100
95
44
74
40
19
14
16
16
15
87
15
16
15
83
15
15
17
15
19
19
15
16
19
15
36
87
15
14
19
14
15
20
15
15
15
15
16
15
16
15
15
15
14
20
87
20
15
21
87
18
15
14
20
83
16
37
16
61
107
97
102
103
99
96
103
102
86
98
103
100
98
102
96
103
102
74
102
89
100
97
89
96
150
102
102
97
102
97
103
98
102
90
96
98
108
105
407
113
97
91
99
97
102
90
86
84
98
86
108
97
97
100
96
107
100
104
102
104
102
95
104
98
104
19
16
15
15
15
15
88
20
19
15
22
14
15
20
15
15
20
15
18
16
15
19
18
82
15
19
15
15
16
15
15
15
15
15
17
82
18
16
18
237
94
93
97
86
94
83
41
15
15
14
15
19
15
15
19
16
20
20
18
15
15
15
15
15
14
16
16
15
16
87
19
16
19
15
20
81
21
14
15
84
20
15
15
15
15
15
17
15
15
16
15
15
15
15
83
19
15
14
19
15
14
18
15
82
15
14
15
20
15
19
17
15
19
15
14
15
15
15
84
15
19
16
15
15
15
19
17
14
15
18
14
15
15
15
15
15
15
15
90
20
14
18
19
15
16
14
18
86
19
16
15
15
14
19
16
18
15
19
15
16
19
87
15
15
20
17
19
15
15
20
15
16
19
15
17
18
15
19
15
16
19
15
88
20
38
15
15
19
15
16
16
15
16
15
16
19
15
82
15
19
17
15
18
15
15
15
15
15
19
114
16
15
15
19
21
21
22
18
18
22
23
23
16
15
16
15
16
29067
37
15
14
15
84
20
16
28154
41
46
15
16
15
16
14
15
115
36
15
15
15
15
15
15
15
19
18
84
123
123
81
163
123
124
180
123
82
123
125
123
123
121
80
81
123
82
82
80
124
206
122
80
123
122
122
81
124
122
123
80
123
123
80
80
177
121
122
124
122
123
122
123
121
122
122
123
123
122
123
121
122
122
123
122
122
121
81
121
122
124
123
122
81
123
123
82
80
81
122
174
80
123
121
80
87
83
81
80
82
81
174
81
123
121
22
116
68
23
23
169
23
23
23
116
116
116
23
169
23
22
115
23
70
24
68
23
168
121
23
67
176
70
22
25
24
168
23
117
24
169
22
206
23
25
22
98
118
126
129
125
128
134
126
269
85
83
40
35
58
139
15
15
15
15
14
15
14
15
15
14
15
15
15
15
15
15
15
14
15
14
14
15
15
15
15
19
14
18
15
15
14
15
19
19
19
19
19
14
14
14
15
18
14
15
15
15
15
16
14
15
15
15
14
16
15
15
14
18
14
15
19
15
19
14
15
14
14
16
14
15
16
15
19
20
15
19
15
19
15
15
16
15
15
14
15
16
19
19
14
15
14
15
15
15
15
14
15
14
14
14
14
14
15
14
15
19
15
15
20
15
15
16
20
19
20
19
18
21
15
19
20
15
15
16
15
15
16
19
19
15
15
15
20
14
82
16
14
19
84
19
15
15
14
19
15
15
19
15
19
17
20
15
20
15
82
20
19
15
16
15
15
15
15
14
18
15
15
20
15
15
14
15
20
14
15
15
14
16
15
14
14
16
14
15
20
19
15
16
14
15
20
14
14
16
19
15
15
15
14
15
15
92
16
15
15
16
16
15
15
15
15
16
15
15
20
15
14
15
15
20
16
15
19
20
15
19
16
15
86
20
14
18
16
14
20
87
15
18
15
85
19
19
15
37
15
15
14
15
19
19
15
19
19
15
14
15
15
14
15
14
14
14
19
14
15
15
15
15
15
15
15
15
15
16
15
16
20
15
19
19
19
19
20
19
20
15
15
15
16
15
15
16
19
15
21
107
122
136
130
127
130
341
134
127
109
139
126
128
140
131
117
138
128
129
140
128
126
148
118
139
127
128
139
130
127
33
15
16
15
15
20
15
15
15
14
16
15
15
15
16
15
15
15
14
24
15
15
15
16
15
15
16
15
15
16
19
18
16
14
14
15
15
15
16
18
15
15
15
15
16
14
15
16
18
15
20
14
15
19
15
19
20
15
19
16
15
15
15
14
15
16
14
18
16
15
15
16
19
19
15
19
15
16
15
15
16
14
15
14
18
19
15
14
15
15
15
16
19
15
16
18
15
16
14
19
16
15
19
19
19
14
16
15
15
19
19
20
19
19
19
20
15
15
15
15
15
16
14
15
20
14
15
16
15
15
16
19
15
15
19
18
16
15
15
16
15
14
20
19
15
15
15
15
16
15
19
15
15
14
15
19
47
34
15
15
20
15
15
16
15
15
19
15
15
20
15
14
16
14
15
19
15
15
15
15
15
20
14
15
16
15
15
16
19
19
19
19
18
16
15
15
16
15
15
16
15
19
15
14
15
16
14
15
16
15
15
16
14
15
16
15
15
16
20
15
20
15
15
16
19
14
16
15
85
15
18
14
16
15
15
15
14
18
20
15
15
15
15
19
16
15
15
16
15
15
16
15
14
29
15
15
20
14
15
16
15
15
15
90
14
15
15
19
16
83
19
16
86
14
16
14
14
16
14
15
20
15
15
15
14
19
15
14
15
15
14
14
84
15
19
15
18
15
15
85
15
18
15
15
15
93
14
15
15
15
15
15
15
18
15
15
15
19
20
15
15
16
19
15
16
82
19
19
14
15
16
14
15
16
15
15
15
14
14
19
14
15
16
14
14
15
14
14
15
15
15
20
14
14
16
19
14
84
19
14
15
19
19
19
24
15
15
19
19
15
15
15
14
14
15
15
20
15
14
16
15
15
15
15
16
19
18
14
14
16
16
19
19
14
16
14
15
14
15
16
15
14
15
15
16
14
15
18
16
20
19
15
14
15
16
19
15
15
19
15
14
15
15
15
14
15
21
14
15
19
19
16
19
19
14
19
20
19
19
14
15
16
18
15
16
14
20
15
15
14
15
15
14
16
14
15
15
15
20
19
14
16
16
15
14
19
15
14
15
15
15
17
14
20
15
14
15
15
20
14
16
15
15
15
15
14
16
15
15
16
15
15
15
15
15
18
14
19
16
19
19
19
15
15
19
19
15
16
15
15
15
19
15
16
19
19
16
15
15
19
14
14
15
15
14
16
15
15
15
15
15
15
14
19
19
19
89
15
16
16
15
20
15
14
21
15
19
16
15
19
15
14
14
37
14
15
15
14
21
17
19
20
18
20
19
16
15
19
20
19
20
19
15
16
14
15
16
15
20
15
15
14
19
16
15
19
14
15
17
15
15
15
14
16
16
14
14
16
15
15
16
15
15
16
19
15
16
14
16
19
19
14
20
232
112
120
122
122
123
123
123
86
85
48
17
15
15
16
16
14
15
15
15
17
19
14
16
15
16
16
15
15
16
14
14
20
19
19
19
15
15
15
19
15
16
15
82
19
15
82
21
14
15
19
15
15
19
15
14
19
15
19
20
19
19
19
19
18
15
15
15
16
19
15
16
19
15
16
14
15
16
15
15
15
14
14
19
19
15
20
15
14
15
15
15
93
19
16
19
15
86
18
15
81
19
14
14
15
16
15
19
19
14
15
16
15
15
14
15
14
19
19
19
19
14
19
14
14
14
15
14
84
19
81
20
15
96
20
15
14
16
24
14
16
15
14
16
19
14
16
14
14
16
15
14
15
19
15
16
14
14
15
19
14
19
14
15
16
15
19
15
19
15
15
19
81
19
18
14
14
14
14
15
14
15
15
15
15
19
14
15
15
15
16
15
15
19
14
14
15
19
15
15
15
14
19
15
15
16
15
14
15
14
14
83
15
14
15
15
15
19
15
19
14
15
15
19
15
15
15
19
16
15
19
16
14
14
16
14
19
18
19
19
18
15
15
15
19
19
15
15
14
14
15
20
19
14
15
14
15
16
15
15
16
18
19
16
15
19
16
15
19
15
15
15
16
18
19
16
14
14
16
14
15
16
19
15
16
106
87
139
16
16
16
14
15
17
15
15
16
14
15
16
15
15
16
15
20
19
15
15
16
16
18
15
15
14
20
15
15
16
14
97
126
126
137
126
129
32
16
15
35
35
19
15
19
15
15
15
19
15
86
15
15
84
19
15
16
15
14
15
15
15
15
14
20
18
15
15
19
19
16
15
15
16
15
16
15
15
14
15
14
15
16
15
15
16
15
15
15
18
19
16
19
15
16
15
14
15
15
14
20
15
82
20
15
15
16
15
15
15
15
15
14
20
19
18
19
15
19
15
19
19
14
14
15
15
15
15
15
20
18
15
19
18
16
19
15
15
15
14
15
16
15
15
19
19
19
15
18
19
16
15
15
16
14
15
16
15
14
15
15
15
15
15
15
15
15
15
14
19
18
18
15
15
14
14
18
19
15
15
15
15
15
15
15
15
15
18
19
19
19
15
15
18
19
19
18
14
19
19
15
14
16
14
15
15
16
14
19
19
14
19
16
19
19
20
14
14
15
15
15
16
15
14
15
14
19
16
15
15
15
19
15
15
14
16
120
127
143
131
124
138
132
126
138
130
129
138
122
126
129
139
125
125
143
126
116
139
129
126
144
132
127
149
118
139
131
128
143
129
125
82
130
129
127
144
127
126
139
139
120
139
129
131
141
130
132
118
32
15
15
18
14
15
15
15
15
16
18
19
15
14
15
14
14
15
15
14
16
16
15
18
15
18
14
15
15
14
14
18
19
18
19
19
15
15
15
15
16
15
15
15
15
15
19
18
15
19
14
15
15
14
15
16
15
20
16
19
19
16
14
15
15
15
15
20
15
19
19
19
19
15
19
18
20
15
15
15
15
15
15
19
15
19
14
15
20
15
14
16
14
14
20
14
15
15
19
19
19
14
19
15
15
15
16
15
15
16
14
14
16
15
19
89
15
15
15
15
15
15
15
84
15
15
16
15
15
99
107
97
102
98
102
87
97
104
98
103
92
98
144
102
98
101
97
103
97
85
103
97
97
96
93
102
103
97
98
91
99
97
103
99
98
104
102
102
88
96
97
102
88
39
16
15
14
15
19
15
15
15
15
20
15
14
16
18
20
18
14
53
101
91
137
101
97
98
102
97
96
104
102
92
97
103
102
97
102
97
102
57
108
99
105
101
94
83
92
105
90
97
93
96
98
108
96
98
84
99
97
102
92
91
98
90
82
101
91
100
94
89
84
95
73
101
90
90
96
87
95
97
98
92
99
78
96
94
90
103
97
91
98
103
98
98
104
102
96
57
95
96
102
97
96
97
96
75
84
97
99
103
98
93
99
90
90
102
97
101
99
102
102
98
108
135
98
150
137
142
98
143
142
99
143
142
98
142
150
97
101
141
137
135
151
142
139
103
139
142
149
137
143
97
143
139
97
147
148
138
141
142
100
142
143
147
137
149
138
147
87
137
142
144
147
138
98
142
148
139
144
144
137
96
141
146
131
131
145
147
142
106
137
137
170
98
143
150
136
147
132
131
143
138
146
141
143
131
151
138
30
99
140
139
146
141
149
144
152
91
135
142
144
137
141
148
97
98
137
142
144
143
148
139
109
137
140
97
139
97
139
143
89
97
146
145
147
140
98
165
25
24
23
20
23
20
25
69
23
20
27
23
23
23
23
69
21
23
22
21
61
21
22
23
20
16
23
48
21
22
22
23
23
20
23
29
20
27
23
70
107
20
150
47
24
20
22
20
20
23
26
20
23
20
24
20
14
20
68
21
59
22
69
20
21
69
19
24
21
24
21
69
20
106
22
22
21
20
22
21
20
15
21
22
23
68
20
20
21
26
69
204
82
94
95
34
15
19
14
14
16
19
15
15
15
16
15
19
89
19
19
14
15
14
15
16
18
15
14
15
19
19
15
18
15
15
19
18
15
14
15
15
15
20
15
15
19
15
83
16
14
15
15
19
15
15
19
15
16
18
186
34
15
17
14
14
15
19
16
15
15
87
15
16
120
192
102
97
99
96
97
93
47
18
118
193
17
15
19
19
15
15
15
15
14
17
83
15
22
59
93
96
47
18
14
15
14
15
87
19
16
14
118
190
16
19
15
15
16
19
15
16
15
86
20
15
116
190
96
112
91
99
98
102
101
102
106
96
33
86
85
104
92
94
98
19
14
16
15
14
15
15
16
16
16
15
16
15
15
20
18
14
16
19
15
84
15
15
15
15
15
14
15
16
15
15
16
15
15
16
15
15
15
17
17
19
15
20
14
20
16
19
15
15
15
18
15
15
14
16
15
111
124
99
132
115
143
148
97
96
111
147
142
97
131
115
137
143
112
137
136
138
116
143
96
89
99
142
148
98
137
139
133
142
153
98
97
138
141
148
188
98
140
98
132
139
98
145
140
137
138
144
138
136
132
136
139
140
137
137
142
147
137
144
151
137
140
138
141
143
134
142
140
142
138
144
136
115
141
132
144
136
139
132
140
133
142
141
139
143
138
131
1860
201
139
141
138
144
144
132
142
142
140
138
138
133
142
135
135
155
134
132
138
138
134
129
89
143
137
132
146
139
132
142
130
91
133
136
126
141
131
122
100
83
131
126
122
123
123
127
83
79
79
52
42
38
47
41
276
125
123
136
133
129
138
135
50
15
15
20
15
14
15
14
16
14
64
87
15
17
18
15
20
16
20
17
15
15
15
16
15
15
16
15
15
15
14
15
16
14
15
15
81
16
16
14
15
16
14
15
16
15
25
21
19
15
16
15
15
16
80
15
16
15
15
15
14
15
16
15
15
16
14
15
17
14
15
16
15
15
15
15
14
81
15
14
15
15
15
14
15
15
16
15
15
15
15
15
14
17
15
16
15
14
14
16
15
14
15
16
79
15
39
14
14
14
14
14
15
15
15
78
15
16
14
14
15
15
16
15
15
15
16
15
14
80
15
79
15
15
15
17
14
15
16
15
79
15
15
14
54
15
14
15
14
16
15
15
78
15
15
15
31
14
15
15
15
14
16
15
15
16
15
15
15
14
15
15
14
15
16
15
16
16
15
14
89
15
15
16
15
16
15
15
15
16
16
14
16
81
15
15
14
15
16
15
15
15
14
15
16
15
15
90
15
15
16
14
14
15
15
14
90
15
15
90
15
15
15
14
14
16
16
14
16
91
14
16
89
15
16
15
15
15
15
14
15
14
15
15
14
79
14
15
15
15
15
15
14
15
15
78
14
15
14
15
78
17
16
16
18
18
15
15
15
15
14
15
14
15
15
15
14
15
14
14
30
15
15
15
90
14
15
85
20
15
15
16
15
79
15
14
15
14
14
14
16
14
14
14
15
15
16
14
15
16
15
15
79
15
78
15
14
14
79
14
14
14
15
15
14
82
15
16
16
15
15
93
15
15
15
15
16
15
15
14
14
79
14
15
15
15
14
14
14
15
14
15
14
15
15
79
15
17
14
15
15
14
14
16
15
15
15
15
15
14
15
15
16
78
14
15
14
15
14
14
15
15
14
15
15
81
15
14
15
16
15
14
14
14
15
15
15
15
15
15
15
14
14
16
15
14
16
14
15
15
15
82
17
15
15
16
14
15
16
15
15
16
15
15
15
18
19
18
19
18
19
19
15
14
14
81
16
18
19
16
14
16
15
14
15
15
16
15
16
15
14
16
15
15
15
14
16
15
14
14
15
15
14
15
14
14
15
15
14
14
15
16
15
14
16
14
15
14
15
15
14
15
15
15
15
15
16
14
14
14
15
15
14
15
14
15
16
14
15
15
14
80
14
79
15
15
15
14
79
14
14
15
15
15
14
14
16
15
14
14
15
15
15
15
15
79
16
15
15
14
15
16
15
15
14
15
15
15
15
78
15
79
15
15
14
15
15
15
14
14
15
16
15
14
14
15
16
14
19
15
16
16
15
14
16
15
79
15
80
15
14
16
15
14
15
15
16
15
15
15
16
15
15
15
15
14
16
15
15
14
15
16
16
15
80
14
17
15
15
18
17
16
15
15
19
14
16
14
14
16
15
16
14
82
15
14
16
15
14
15
15
16
15
14
15
15
15
14
14
15
14
16
14
15
15
14
15
30
16
14
15
16
14
15
15
15
15
15
15
15
15
16
15
88
15
15
15
14
14
14
21
21
15
14
14
15
16
16
15
14
15
15
15
15
14
18
15
16
14
14
15
15
15
15
16
15
15
15
15
15
14
16
14
15
15
15
15
15
81
15
79
14
79
14
15
16
15
15
15
14
15
14
16
15
15
14
15
15
15
16
15
15
14
14
15
15
16
14
14
79
16
15
30
16
14
15
15
14
14
15
16
15
19
15
15
15
15
16
16
14
15
16
80
15
15
15
15
16
15
14
15
14
14
16
15
15
15
90
15
16
14
14
16
15
15
16
14
14
15
14
15
16
15
14
16
14
15
16
15
15
15
15
14
16
14
15
16
14
14
16
14
15
15
90
15
16
14
15
15
14
15
15
15
14
16
14
15
16
14
15
16
15
15
16
15
15
19
15
15
15
15
15
16
15
14
115
34
45
42
33
50
43
144
82
33
44
81
81
32
49
61
15
16
18
15
14
14
16
15
16
14
16
38
15
15
18
16
16
15
15
15
25
24
